Symbol	logFC	logCPM	PValue	FDR
HECW1	0.350389441	1.697902424	0.165437228	1
MAD1L1	0.262834284	3.710952667	0.136634602	1
CYP26B1	-0.459730807	3.203250469	0.012216537	0.706020647
CFLAR	0.262960301	4.823201652	0.163306858	1
TFPI	0.188027297	7.197787299	0.168529571	1
PDK4	-0.918004145	1.129807241	0.012097	0.702151982
NA	-0.301368732	3.823590131	0.113607113	1
KMT2E	0.230543584	8.003959487	0.135294105	1
ITGA3	-0.279982845	6.334416452	0.036412498	1
BAIAP2L1	-0.195092952	6.064386384	0.116080273	1
FARP2	0.262253674	5.896223164	0.056712705	1
GTF2IRD1	0.307978623	6.034210016	0.013834186	0.75691139
ARSD	0.509809403	4.735367758	0.000405402	0.096644879
PNPLA4	0.422135628	3.664368739	0.079789494	1
TSR3	0.210405757	4.946765426	0.1708956	1
CELSR3	0.567956915	3.215961768	0.090707549	1
CRY1	-0.337527737	6.200632221	0.030136971	1
MAPK8IP2	0.622298818	0.452996566	0.0915865	1
NCAPD2	-0.243608393	8.155702833	0.101447709	1
GIPR	-0.454399914	3.266924628	0.166616069	1
IDS	0.291187516	6.592121551	0.01810951	0.845321538
PLAUR	0.295610229	6.848057368	0.098605424	1
ANLN	-0.383626573	7.440903476	0.001570021	0.246585647
WIZ	0.202424715	6.022541957	0.175822923	1
GPRC5A	0.611287951	5.12460334	3.33E-05	0.013898761
TACC3	-0.335834903	6.432929413	0.008275893	0.575433186
POLA2	-0.481658396	4.780546531	0.001342345	0.224003897
ZC3H3	0.242045179	4.291087353	0.138183037	1
MTMR11	-0.463600893	3.946544472	0.029477664	0.996723806
RGPD5	-1.140291001	1.239649557	0.067472609	1
NCDN	0.233904708	4.858374493	0.106918971	1
SERPINB1	-0.353031462	6.061320814	0.125910223	1
CPS1	-0.207876746	4.093574531	0.198065375	1
BIRC3	0.28454966	4.917428147	0.198485722	1
GLRX2	0.251022998	3.960187459	0.12143321	1
ABCC2	0.65230365	0.249093317	0.189704246	1
PLEKHO1	0.275660244	4.496708458	0.065518395	1
DEPDC1	-0.361437672	6.300243697	0.008525122	0.584679482
NR1H3	0.563732619	1.681674828	0.039105683	1
NCAPH2	-0.249362022	4.755071019	0.162242969	1
VIM	0.658234715	3.149415436	0.020083029	0.867664844
RTEL1-TNFRSF6B	-0.583149183	3.223005694	0.095498374	1
AGPAT4	0.352550677	2.598057931	0.139783766	1
SLAMF7	0.683905669	2.373604619	0.004674507	0.4484741
HMGB3	-0.183570614	6.09272161	0.146591884	1
CENPQ	-0.315372128	3.831515422	0.064271836	1
IFT88	0.395522009	3.249946726	0.133752897	1
UBA6	-0.223343406	7.881114187	0.065089666	1
GAB2	0.303973808	5.885273651	0.03713049	1
MAP2K3	-0.248744278	6.758377428	0.152837921	1
DEPDC1B	-0.290880192	5.063690511	0.14115323	1
TBC1D23	-0.165009681	6.536219162	0.166295344	1
USP2	0.557080997	1.560179944	0.056263014	1
METTL1	0.365900729	3.228809123	0.052782505	1
HOXC8	0.221382258	3.747934583	0.199358271	1
DCUN1D1	-0.222832065	5.756279343	0.084841497	1
GEMIN8	0.29822125	4.081611621	0.135444924	1
KIAA0556	0.26016929	4.958209465	0.109543066	1
XK	-0.363616402	3.351153762	0.038770226	1
HDAC9	0.27403228	6.684205606	0.067369026	1
CC2D2A	0.173761899	5.298260189	0.185142386	1
RRM2B	-0.225983129	7.433507236	0.061497429	1
SNX29	0.320391396	4.155475908	0.064855509	1
R3HDM1	0.221887975	6.027002418	0.106228353	1
KITLG	-0.38858687	1.822291335	0.128860124	1
LTBP1	-0.29468415	4.431128923	0.062714934	1
RFC2	-0.261450447	5.085779271	0.094155098	1
JKAMP	-0.175684533	5.837685287	0.181834412	1
NFE2L3	-0.312952573	3.822119138	0.137664854	1
SLC4A8	0.529862395	7.063396116	0.037734301	1
MAPK9	-0.185177426	6.519113566	0.139936176	1
HEBP2	0.198725266	5.917568911	0.130953086	1
RRP12	0.413093067	6.322204038	0.004464113	0.444745559
USP36	0.32011651	7.538272951	0.044046363	1
IL17RB	-0.783285678	3.658493961	0.03388968	1
DCBLD2	-0.175295819	6.316697865	0.184649307	1
PKP2	-0.231707303	5.08975869	0.157146255	1
LAMC2	0.455031951	1.198871914	0.15375093	1
CROCC	0.386521209	4.247156027	0.186077076	1
DGKG	0.259741854	4.565964724	0.122239787	1
GATB	0.225125247	4.781922676	0.176347555	1
CDK17	0.225190763	7.602363086	0.052309333	1
CTDP1	0.311402158	3.562353793	0.072835663	1
HDAC7	-0.343610659	6.433123218	0.15264863	1
LTK	-0.340064878	5.37921256	0.031814643	1
POLD1	-0.326156879	5.522784696	0.037054359	1
SPHK2	0.276590755	3.726606827	0.11799357	1
ZNF275	0.192565062	5.635901046	0.185521694	1
LPAR2	-0.387253159	3.251458636	0.083668724	1
CTSA	0.275898688	7.63777961	0.085132996	1
SNX24	-0.268983061	4.886724961	0.065139986	1
SNCAIP	1.594122778	0.662188411	7.23E-06	0.004197487
NTN1	-0.277085599	3.598844908	0.130076881	1
MCM10	-0.412726237	5.931008446	0.010471544	0.659644729
DGKA	-0.309469407	5.655608706	0.082295915	1
ERBB3	-0.381270798	4.982180258	0.00907553	0.602460858
GSTO2	-0.166660955	5.548241556	0.191961504	1
TLE2	-0.213385108	4.737038996	0.170623077	1
ASB1	-0.297368005	8.471352337	0.119632743	1
MTHFD2	-0.186178621	8.264857525	0.153904171	1
PDE4A	-0.442750873	3.015675084	0.021936034	0.88639826
NFYC	0.246174028	4.927143843	0.126325422	1
ZFAT	0.235496532	3.498793364	0.175680301	1
SP100	0.173205616	6.631631717	0.179914488	1
KLF6	0.547495063	6.926451733	0.00010457	0.034049153
RRP15	-0.208430585	4.458352322	0.165182323	1
PRKCZ	0.252387795	5.024752074	0.123848042	1
IARS2	-0.279572236	7.876244939	0.105431004	1
CBFB	0.156958774	7.103882021	0.189749206	1
IFI35	-0.576327663	2.295588765	0.016918421	0.816971936
PLEKHH3	-0.381444417	3.822766458	0.041089924	1
POLR1A	0.237442378	7.493597504	0.047253634	1
PPP2R5B	0.34192118	4.195961474	0.042107998	1
MAST4	0.391849689	6.033585309	0.011971327	0.700952691
PIGB	0.231182958	4.241208005	0.163032167	1
SPTB	-0.395228223	2.153241146	0.157776019	1
SLC44A1	-0.225029403	7.010808139	0.078269379	1
EXOC5	-0.158012331	7.087354684	0.16557538	1
FSTL3	-0.369149063	4.47708567	0.014332032	0.77147173
ASNS	-0.396221026	8.179092749	0.062112515	1
OSBPL3	-0.262033177	5.64567595	0.050570647	1
RAD18	-0.28642586	5.52300953	0.032470671	1
ING3	0.182024785	5.029062843	0.177923637	1
TRIP13	-0.270137203	5.219912958	0.123127486	1
TRIB2	-0.356926885	2.033103493	0.144531705	1
RDH11	0.200265549	6.747178948	0.149427966	1
ZFYVE26	0.292051359	6.727194007	0.077396624	1
TFRC	2.002240494	8.651088856	3.19E-24	4.25E-20
UBE2D1	0.270877125	5.637518297	0.082652716	1
RHOBTB1	-0.268495218	3.646201441	0.114215512	1
STK10	0.277491018	5.865278596	0.048637963	1
MCM2	-0.269312112	6.630368107	0.165266191	1
SMARCE1	0.213657729	5.749424015	0.11701462	1
TEAD2	-0.210115927	4.339302996	0.16451363	1
MGLL	-0.50153661	6.190572527	0.003167351	0.37012072
NTN4	-1.006515098	1.553937539	0.000324246	0.08324405
SEMA3C	0.441252353	1.2316332	0.168887786	1
TMEM131	0.230702182	7.109589405	0.110710973	1
MOCOS	-0.298383249	6.199387681	0.088783393	1
WDR62	-0.372122716	5.075653594	0.026193745	0.96598479
MCM6	-0.301491703	6.831773023	0.103161324	1
UNG	-0.344550423	5.481266284	0.147747309	1
PLXNA2	-0.290890648	4.228564277	0.13822474	1
SPAG5	-0.168063115	6.547323068	0.194217475	1
ANKRD13A	-0.33132759	7.097958174	0.006380658	0.516253227
STXBP2	-0.670609847	0.34460521	0.185340918	1
UBE2T	-0.258099042	4.964006582	0.183221129	1
POLD3	-0.580384109	4.156455078	0.000374325	0.094009488
JADE1	-0.175483076	6.147296407	0.150988907	1
MAP2	0.62584496	0.516921526	0.069470884	1
LAMP3	-0.429187206	2.122363975	0.099888258	1
PIK3C3	0.214031471	6.644682771	0.076925251	1
HOXA9	-0.18863006	5.302171002	0.16075523	1
RAPGEF3	-0.368894163	2.480414002	0.165796441	1
CIC	0.20360052	6.283941324	0.155880027	1
RBL1	-0.189215455	5.872553735	0.134099698	1
HSPB11	-0.27560431	4.343923592	0.111717211	1
ITGB5	-0.264638077	6.22522948	0.028618583	0.992358667
RNF13	0.323300998	4.452111878	0.192971034	1
ITGAE	-0.259774669	3.552777722	0.161962874	1
PDS5B	-0.199954488	6.617716962	0.116948649	1
SLC27A5	-0.244965063	3.710536172	0.177484374	1
ZNF416	0.43886811	3.588021321	0.04620953	1
SMAP2	-0.207907591	5.660303062	0.194054015	1
APLP2	0.190306536	8.510486768	0.170813772	1
FAM234B	-0.277999428	4.114620735	0.089301584	1
NKAIN1	0.675391162	1.2591302	0.03095767	1
EFR3B	-0.469751081	1.712709307	0.084494734	1
KIF3C	0.274908061	5.143532255	0.075473222	1
CAD	-0.186395703	7.595624155	0.109912484	1
RRN3	1.249047612	1.183422791	0.142049021	1
RAD54L	-0.251715436	4.859741882	0.095378332	1
PPP1R15A	0.212138396	8.706987917	0.118990172	1
LPCAT2	-0.196080199	4.80345042	0.175658165	1
NOP14	0.245638159	7.661976891	0.028893115	0.994131669
AAMDC	0.371318924	2.698614707	0.143335542	1
FER1L4	-0.610554988	3.215403875	0.059265874	1
TGDS	0.232683172	4.407349031	0.200768772	1
NA	0.261276053	4.775330238	0.096300434	1
SIRT4	-0.636778567	0.36860273	0.110153277	1
GMIP	-0.280772956	5.303220731	0.049959649	1
PCBP4	-0.309500528	4.866834906	0.1022305	1
CHRD	-0.750682599	2.295376698	0.025157719	0.948744483
SEL1L3	-0.242682066	6.757588165	0.111267517	1
NLRP1	-0.715614193	3.215574262	0.001601072	0.248538461
ORC6	-0.220484206	5.01415789	0.152423961	1
WDR76	-0.569638851	5.211683031	0.001487164	0.242117549
PHGDH	-0.355955707	6.84422012	0.122868582	1
EZR	0.321255355	8.325921362	0.061959504	1
CLSPN	-0.51720025	5.700578816	0.001782226	0.267333898
CDC45	-0.369038684	4.427634416	0.046668912	1
XYLB	0.241703622	5.174188103	0.113888239	1
CDC6	-0.470112833	5.199610254	0.001247928	0.216305235
MSH2	-0.195721556	6.742078533	0.102387905	1
TBC1D2	-0.491170298	3.615145364	0.004940627	0.448689629
CWF19L1	-0.18761289	5.237955862	0.154515343	1
HIVEP1	0.300636547	4.848170694	0.114298109	1
FKBP5	-0.222886008	6.533909801	0.106848642	1
DSP	0.250522228	6.753009773	0.181228814	1
CDC7	-0.305708767	4.572970591	0.053502507	1
SYDE2	-0.257547898	5.548809446	0.134463365	1
SCD	0.222696401	9.657850311	0.087108292	1
PRTFDC1	-0.239837622	4.101724604	0.160644884	1
H2AFY2	-0.325955287	5.31573899	0.063646366	1
FAM21A	0.387013579	5.495721288	0.0039348	0.400989184
GADD45B	-0.607678825	3.895935894	0.000165224	0.052517577
SNAP29	0.227650206	5.464985518	0.123705653	1
SH3BP1	-0.227928003	4.91900736	0.13318743	1
CCDC134	-0.429806442	2.432833051	0.08064	1
CENPM	-0.285629541	3.15796538	0.133137965	1
JOSD1	0.194588406	6.882651944	0.120611725	1
LMF2	-0.284334207	5.2215253	0.054418338	1
PACSIN2	-0.208769245	5.971832736	0.135622675	1
TOM1	0.250308982	4.434283234	0.191377059	1
BIK	1.189036392	1.493381097	0.000180934	0.054897089
MCM5	-0.365943386	5.742269305	0.086212983	1
MYH9	0.320024118	9.851379285	0.014448227	0.77147173
EP300	0.388251335	5.929923494	0.136116541	1
RANGAP1	-0.229979903	7.662485202	0.094067037	1
POLE2	-0.233562152	3.723334496	0.155395733	1
NIN	0.274667373	7.544750481	0.097274164	1
CDKN3	-0.212702983	4.510285118	0.185042169	1
TMED8	-0.153677021	6.779847355	0.187012002	1
SAMD15	0.646305557	1.11098823	0.039339874	1
DAAM1	0.278259055	4.900295334	0.057344523	1
SPTLC2	0.21925155	8.147115056	0.081175719	1
RIN3	0.175083993	5.170455708	0.200041482	1
YY1	-0.187951186	6.983948588	0.130458498	1
PSME2	-0.248842631	5.737019628	0.050979626	1
GINS1	-0.463732771	5.792872372	0.003002973	0.361643234
MYBL2	-0.334756726	4.646210637	0.079456635	1
NTSR1	0.462200941	4.718801739	0.008637725	0.584679482
SLC17A9	-0.374315782	6.259657582	0.19062229	1
RNF24	0.166375283	5.85913219	0.186243078	1
E2F1	-0.795810509	4.589875185	2.45E-07	0.000272425
METTL4	-0.346689116	4.340758978	0.024711614	0.945755088
SMAD7	-0.626022024	1.569269662	0.02177723	0.886359801
LIPG	0.348436019	2.514823028	0.143566876	1
RNF125	0.440987406	5.234855329	0.001920133	0.278627925
ANKRD12	0.26704388	7.198822807	0.185294877	1
PSMD10	-0.241402842	5.484882268	0.173304137	1
NKAP	0.303134968	5.104927248	0.042040425	1
XIAP	0.326341591	7.158753719	0.011189895	0.680215557
RBBP7	-0.210492787	7.129249386	0.153135923	1
SYTL4	-0.481528562	3.810515161	0.020415371	0.86948263
PARP4	0.220006788	7.89585196	0.083114786	1
VWA8	0.16360853	6.220178906	0.180154174	1
CORO1A	-0.601184016	2.387907876	0.009673979	0.633076565
CENPT	-0.262251662	5.348582356	0.166243092	1
PARD6A	-0.41063249	2.037605748	0.163474463	1
CCDC113	0.291590422	4.179379388	0.058584312	1
NME3	-0.501050771	3.186776716	0.026634159	0.971931606
SLC38A7	0.305386032	5.577478324	0.03758967	1
VAC14	0.359038728	6.998500065	0.006498251	0.516378857
ESRP2	-0.21675202	5.607880833	0.132456849	1
NME4	-0.223030046	4.633437409	0.135386288	1
HAGHL	-0.271791148	4.519818053	0.110700595	1
CRYM	0.842430364	0.780369129	0.078943984	1
ZNF174	0.370532793	3.221382099	0.164833367	1
UBFD1	0.177954886	6.169437275	0.159193495	1
CPPED1	0.318788548	4.238902727	0.043193972	1
STX4	0.272542147	5.966597233	0.031709425	1
NOMO1	-0.408821111	1.395960685	0.15176882	1
RNF40	0.158960698	6.644872945	0.194641103	1
LACTB	0.323865293	5.101257049	0.021142004	0.87362775
CORO2B	0.32942864	4.429948445	0.065085864	1
CD276	0.22353897	5.827727161	0.114749051	1
FAH	-0.222165238	4.863076245	0.16214794	1
BMF	-0.575067066	1.699870127	0.029268659	0.996723806
OIP5	-0.360602406	2.655959161	0.165761991	1
TRIM35	0.192115425	5.167176171	0.191023281	1
CA2	-0.721392119	3.477682845	0.00754662	0.556615332
NIPAL2	0.582390419	3.374235398	0.002213392	0.304626599
PLAT	-0.396248575	2.993906075	0.077128224	1
JPH1	-0.419713867	4.245626276	0.011638477	0.68749409
GDAP1	0.372765383	4.560014653	0.014343288	0.77147173
NDRG1	0.424723286	5.913429082	0.005881082	0.497582525
SPAG1	-0.326198098	5.072990613	0.020712836	0.869548304
SQLE	0.274391418	7.192661223	0.022612072	0.899347241
ERI1	-0.323619529	6.04193292	0.038996756	1
TNFRSF10A	0.214357085	5.916829315	0.103751723	1
MCM4	-0.298535989	7.875382435	0.029239904	0.996723806
RELB	0.478879031	4.033602793	0.016732636	0.816971936
LIN7B	-0.853549219	0.99879796	0.00878078	0.586785209
FCGRT	-0.39094188	4.417678644	0.012369778	0.711795416
PPP1R13L	-0.504858707	2.524802355	0.018785466	0.850793807
DOT1L	0.326081567	6.92359213	0.094303112	1
TLE6	-0.628886577	1.195134351	0.045068187	1
ASF1B	-0.335307228	4.993097931	0.146203148	1
VRK3	0.235263919	4.89542358	0.130817188	1
PPP6R1	0.179602602	6.840640861	0.126308817	1
MED26	0.408264274	3.023873249	0.033422433	1
CCDC94	0.386641748	3.066205582	0.066013949	1
CLIP3	0.659518119	0.344015454	0.08402122	1
PRKD2	-0.214441689	5.6647841	0.115199787	1
BBC3	0.179554621	5.010162626	0.184988353	1
CLEC11A	-0.161156022	6.911807137	0.17941543	1
LIG1	-0.368243375	5.707952191	0.003628833	0.381456026
PLA2G4C	1.481054839	0.437043759	0.003533401	0.381456026
TMEM205	-0.333955888	4.60359575	0.047268845	1
MAST1	0.322803399	2.608011113	0.188578588	1
JAK3	-0.308508531	2.970785793	0.147227239	1
ARRDC2	0.228108423	4.40106549	0.155203062	1
RAB3A	-0.786585391	0.397402807	0.056074209	1
SIPA1L3	0.282090181	5.455841268	0.068333537	1
CDK6	-0.269975896	7.186853848	0.049016124	1
WDR91	-0.26633269	4.36307412	0.095323348	1
CAV1	-0.38386836	3.784452401	0.088328465	1
RNF32	0.349269557	2.186306878	0.144241253	1
DNAJB6	-0.185831377	6.588838377	0.122672911	1
ZKSCAN1	0.239709162	8.115113532	0.194462962	1
SNX8	0.259582827	5.518674489	0.112501055	1
WASL	0.275591395	7.498660173	0.036227594	1
LSM5	-0.219101739	5.562466918	0.20104634	1
RPA3	-0.277340513	3.895341997	0.080453479	1
EZH2	-0.273729745	6.318664645	0.062519869	1
CEP41	-0.296105426	4.946881832	0.03306021	1
MEST	-0.302972539	5.051926126	0.043468013	1
URGCP	0.187325836	5.501574639	0.167415238	1
CLIP2	0.180732161	6.689896273	0.19517194	1
SLC1A1	0.39485735	3.059834019	0.062785392	1
TMEM245	-0.158421429	7.380368244	0.187688603	1
CORO2A	-0.179124625	5.533981336	0.184434934	1
AK1	-0.30710655	2.608079817	0.183057722	1
NCS1	-0.255879227	7.701847817	0.111769084	1
BAG1	0.274516371	5.403393362	0.076516496	1
RAPGEF1	0.18959862	7.707723609	0.128701031	1
ACTA2	0.37302718	1.74518776	0.176536444	1
KAZALD1	-0.346171059	3.073070683	0.087512635	1
FBXW4	-0.255856138	4.30938899	0.174038109	1
UBE2S	-0.387374881	4.359002757	0.157752058	1
ZMIZ1	0.292105217	5.240252326	0.055195296	1
GIT1	0.226846554	6.727054688	0.058456369	1
RAD51C	-0.226005761	4.80260789	0.195478537	1
04-sep	-0.882342609	0.859130252	0.006807854	0.528400329
CDK5RAP3	-0.428861968	6.132301913	0.172930058	1
CBX1	-0.195939687	6.905317135	0.110222186	1
PIGL	-0.372317847	4.624519367	0.189695637	1
ICAM2	-0.519605836	1.988145394	0.046457405	1
CYTH1	-0.212374788	4.458565239	0.184862451	1
LGALS3BP	-0.461714518	4.311318972	0.031977974	1
HDAC5	0.252621379	5.810666211	0.049980825	1
MPP2	-0.322618027	3.834394589	0.090865954	1
SMURF2	-0.353135624	9.61049196	0.002537094	0.329223283
DUSP3	0.247347463	7.28773762	0.134071999	1
SUPT6H	0.175507021	8.095004154	0.191024749	1
LRP2BP	0.648989795	0.143990133	0.11204659	1
UFSP2	0.272260257	4.609478714	0.116317657	1
KLF3	0.200742257	5.813221153	0.133527468	1
SC5D	0.333056078	5.200694905	0.124149	1
SIAE	0.324539535	4.512775876	0.0784288	1
ATG2A	0.271132226	7.062101772	0.032692103	1
KIAA1549L	0.247104999	4.558589167	0.199507075	1
PDHX	-0.210218812	5.627196511	0.19071571	1
SLC15A3	-0.360451914	3.913695751	0.067840086	1
AMBRA1	0.267623537	5.959306013	0.068330992	1
TCIRG1	-0.322407943	5.365991025	0.101992571	1
CHKA	0.2673687	5.515313864	0.038692505	1
P3H3	-0.287594162	4.405837435	0.061693025	1
PPFIBP1	0.21698169	6.976242457	0.076307511	1
PRDM4	0.206282876	6.483515185	0.092579669	1
KCTD10	0.162389044	6.229338292	0.183803432	1
SLC11A2	0.238964332	6.316501093	0.057422101	1
FOXM1	-0.194503778	6.928864966	0.114460678	1
GPN3	-0.249320573	4.926244118	0.136015852	1
RAD51AP1	-0.402211647	4.8426151	0.003896003	0.400089535
CDK2AP1	-0.339640169	4.457973971	0.183593569	1
OAS3	-0.383814734	5.27405152	0.006729348	0.528379281
VDR	-0.341471478	3.788949785	0.047714951	1
MDM1	-0.254100693	4.709005728	0.195306124	1
NUP107	-0.202759399	7.18942773	0.087800361	1
TIMELESS	-0.337290595	6.161441024	0.005445236	0.475123529
GNB3	-0.464960184	2.837598593	0.141138314	1
CDCA3	-0.274648108	4.22654692	0.123674976	1
GNPTAB	0.293153625	6.413481234	0.018064924	0.845321538
SRSF9	-0.15608534	7.394378574	0.19900019	1
RWDD1	0.180255251	5.080260044	0.180508364	1
ULBP1	-0.454080096	2.95981285	0.022043762	0.88639826
MCM3	-0.38138123	6.788812845	0.003253677	0.37012072
CAP2	-0.192387863	5.026072797	0.179813462	1
GMNN	-0.399332082	4.547947494	0.022657674	0.899347241
EPM2A	0.391841621	1.854623888	0.151038457	1
MDFI	-0.379405075	3.956376065	0.041635188	1
DNPH1	-0.26030178	4.512739881	0.093165909	1
COX7A2	-0.239335658	6.351930695	0.139388892	1
TMEM30A	-0.203235684	7.419541842	0.078228687	1
CEP72	0.392751633	5.515743546	0.047322169	1
HMGCS1	0.519586881	6.672909733	0.000380263	0.094009488
HBEGF	0.333304234	3.607059923	0.077466821	1
HMGCR	0.363807343	6.779585818	0.081514122	1
PCDHB3	-0.547545933	0.867852393	0.091598323	1
LMNB1	-0.215092294	6.230068978	0.137107288	1
ARRDC3	0.661076615	5.766639389	4.00E-07	0.000381274
RAD1	-0.273750882	4.9683319	0.081289858	1
SMAD5	-0.164325336	7.054527285	0.195800767	1
EHHADH	-0.227728139	3.840653902	0.181697188	1
BCL6	0.22429239	4.09232075	0.19085312	1
AMOTL2	-0.46212883	6.094062344	0.001184215	0.210790338
HES1	-1.148816171	1.362795668	5.26E-05	0.019489833
ECT2	-0.189606445	7.074452588	0.151552082	1
CBLB	0.356033668	6.904334966	0.006768004	0.528379281
BBX	-0.183777747	7.028545092	0.132029982	1
IQCG	0.266652696	5.712988619	0.110687462	1
C3orf52	0.296793185	4.481937814	0.079345023	1
PODXL2	0.250575369	5.680479884	0.145740763	1
NEK11	0.479342455	1.458704974	0.109827678	1
GORASP1	-0.197716137	5.080882648	0.141284529	1
PLCH1	-0.324364806	3.200229413	0.093606547	1
SSR3	-0.341006393	10.23437097	0.134564612	1
ACTR1B	-0.277118586	5.811967495	0.090616554	1
TP53I3	0.384535648	3.723558351	0.025671498	0.954636471
GPD2	-0.34161087	6.330416845	0.030264242	1
CENPA	-0.275374606	4.406318152	0.110388788	1
MPV17	0.207727022	5.308520613	0.13064072	1
NRBP1	0.264091335	7.182627695	0.17171796	1
APC2	0.469372229	1.011357024	0.164627969	1
STAT1	-0.233821149	6.205565551	0.136070286	1
DNAH6	0.967565246	0.673807674	0.003119995	0.368601224
MOB4	-0.265965238	5.110558688	0.140262516	1
HDLBP	0.185802924	9.02729306	0.101402459	1
STK25	-0.240231687	6.725546679	0.075793247	1
PRKD3	-0.231936889	5.697735785	0.094986706	1
RMDN2	0.490802929	1.239972604	0.116554729	1
SDC1	-0.30673354	5.759500064	0.166269322	1
EPAS1	0.312209202	4.605450071	0.095038779	1
MSH6	-0.206187838	6.584910656	0.127031898	1
BCL9	0.219099609	5.33878558	0.157057918	1
DNAJC16	0.195960654	5.55493824	0.126853845	1
RALGPS2	-0.258077793	6.300378067	0.054410543	1
CEP104	0.209600796	5.847467415	0.15097084	1
QSOX1	-0.216763704	6.362179571	0.162309195	1
KIAA1324	-0.61921714	0.497133451	0.12416015	1
DOCK7	0.189622533	6.768967508	0.151716289	1
DLEU2L	-0.51939349	1.184890696	0.200948516	1
IVNS1ABP	-0.16798721	7.216934563	0.175340012	1
PLA2G4A	-0.384454667	3.277777136	0.102835228	1
PRDM2	0.277556409	5.720227046	0.106286438	1
TROVE2	-0.208102695	7.294057837	0.11158287	1
UCHL5	-0.155171613	6.968720271	0.180957147	1
TTF2	-0.184057749	6.758608273	0.167462023	1
C1orf109	-0.227208431	4.808826727	0.155443083	1
RRAGC	0.365723124	4.828187713	0.039021598	1
RLF	0.197881652	5.957776536	0.112234638	1
ZNF684	-0.350469688	2.592883417	0.110368615	1
RIMS3	-0.256881024	3.578680966	0.161496702	1
UAP1	-0.654335367	8.776011258	9.14E-06	0.00488053
GBP3	-0.329902409	4.176561927	0.076601061	1
RAB29	-0.171817997	6.254064245	0.178181356	1
PIK3R3	-0.409686119	3.5609412	0.01531018	0.791428276
SYF2	0.346008212	6.547685543	0.006878054	0.530763094
STX12	0.268892862	5.970129425	0.18438365	1
CD3EAP	0.214869829	4.14120216	0.180094553	1
SGIP1	0.319140847	6.536184687	0.137954886	1
MYB	-0.531188285	2.736768411	0.009404641	0.618482545
CTGF	-1.780671857	3.519269927	4.90E-19	3.27E-15
FBXL5	-0.318995285	5.857864654	0.0677075	1
DCLRE1B	-0.382246889	4.085605157	0.027820743	0.986166909
ELL2	-0.211869876	5.142701953	0.123020355	1
CYP20A1	0.20957218	5.746572437	0.119695629	1
UBE2B	0.260035109	6.167408187	0.03623094	1
TJP2	-0.321710613	4.035879415	0.057270572	1
CTNNAL1	-0.402350587	6.473788647	0.086326581	1
FAM206A	0.233680086	5.488948774	0.07105848	1
WDR34	-0.417217932	5.88925254	0.02761574	0.983120353
PHF19	-0.18301539	6.477653056	0.189754509	1
DENND1A	0.196341185	5.905079864	0.13987943	1
DCAF4	0.198947178	4.667107659	0.173891439	1
BBOF1	0.604109288	1.87291679	0.017796231	0.84248117
ZC2HC1C	0.807631533	-0.063693667	0.081420742	1
ALDH6A1	0.209705404	5.528519752	0.147532292	1
RHOQ	0.264754551	6.287635272	0.032747174	1
EPCAM	-0.460781936	1.527894113	0.108269342	1
OGFRL1	-0.233182179	6.743439024	0.05027093	1
IFIT3	0.673463136	1.371509285	0.018432903	0.847392385
IFIT2	-0.606334253	1.139255685	0.043995698	1
MXI1	0.240575695	5.934439914	0.057189663	1
SMNDC1	0.210841431	8.098044547	0.078648583	1
HELLS	-0.419011723	6.971443994	0.041279103	1
HOXB5	-0.520282076	2.036690179	0.139006449	1
CAAP1	-0.279602076	4.650110703	0.058718226	1
MOB3B	-0.47316366	3.29235688	0.012685829	0.726848987
CD274	-0.171956398	6.613412163	0.195526606	1
MYCT1	0.833554308	0.732129105	0.040854069	1
ARAP3	-0.281076683	5.772715184	0.126525502	1
PCDHB10	-0.588476317	0.600580645	0.135948405	1
CENPL	-0.227857478	4.269963434	0.131604582	1
NUDCD1	-0.238781749	7.202875245	0.185653013	1
KIAA1217	0.53556596	5.659782383	0.000215247	0.061453494
CCDC77	-0.198437049	4.297059563	0.197396343	1
KBTBD7	-0.313115164	3.422228965	0.101700854	1
EXOSC8	-0.241025924	5.909292054	0.064888073	1
TMPO	-0.260499362	8.234669291	0.048908845	1
NFYB	-0.213912529	5.372906844	0.188572302	1
PDLIM2	-0.432752445	3.549383873	0.04444524	1
TRIM25	0.246735688	7.787509564	0.03234562	1
LHX4	-0.613509616	2.69360656	0.025135786	0.948744483
GJA3	0.427433339	2.246319221	0.070436468	1
ADGRB2	-0.584894713	4.19301539	0.016552469	0.816971936
CCRL2	0.516977098	3.198381471	0.029491079	0.996723806
LIAS	0.261398284	3.825366589	0.198045939	1
CLCC1	0.174262206	6.023829634	0.163592024	1
GTDC1	0.326256676	3.562623256	0.067335724	1
RPAP2	0.34214561	6.265292875	0.043502563	1
NT5C3A	0.252416586	4.923862945	0.069672388	1
CCZ1	-0.399683562	3.993170349	0.05320735	1
TAF1L	0.67176427	1.622809376	0.106100927	1
CALD1	-0.534591746	7.068586252	1.56E-05	0.007422732
SLC25A16	0.233705592	4.944296456	0.101450337	1
RBM19	0.228975004	6.656411243	0.140227136	1
CDKN2C	-0.34831174	2.650819116	0.198639355	1
EBPL	0.217983169	4.815562228	0.139795842	1
CDK2	-0.417145087	6.214384993	0.016569481	0.816971936
TUBA1B	-0.542702029	7.532974282	0.074901816	1
HJURP	-0.205491649	6.038197296	0.095089778	1
FAM199X	-0.174707631	7.086713094	0.141120788	1
METTL8	-0.228153708	5.81047559	0.075049007	1
ago-02	0.307495573	9.573024715	0.111147617	1
SLC12A4	-0.338372317	6.052885953	0.029341469	0.996723806
NCOA5	0.279908592	5.646429273	0.072296956	1
ZNFX1	0.201695211	6.782710532	0.092015926	1
RAB22A	0.205671539	7.273441342	0.075168378	1
PMEPA1	-0.517424344	2.489177735	0.021313597	0.875497004
TRERF1	-0.21059914	5.348789247	0.157000563	1
SIRT5	0.292092771	4.113117122	0.063824275	1
HIST1H1D	0.704039179	1.97234637	0.059618636	1
RPP40	0.413582291	3.575366758	0.016947668	0.816971936
DEK	-0.236123419	8.681447505	0.034770911	1
RUNX2	-0.245039442	5.563521262	0.080938693	1
LRRFIP1	0.197697117	7.745595285	0.134432787	1
NDUFA1	-0.237076073	5.556479095	0.154412679	1
FAM193A	0.231856438	5.660798095	0.177129864	1
SLC25A35	-0.42403266	3.406962161	0.124355879	1
NUP85	-0.406342359	5.900303281	0.010201887	0.649160012
TTF1	0.165619433	5.929315078	0.181007885	1
PSD4	0.38712503	3.598083887	0.02641235	0.968694698
ATG4C	-0.246644666	4.224905729	0.131070763	1
SH2D3A	-0.427333937	2.299864609	0.086791198	1
GPCPD1	0.338209743	6.078209842	0.103842932	1
GZF1	0.211098717	5.176947169	0.116621144	1
LRRN4	-0.368291562	2.887847708	0.10120492	1
MCM8	-0.380707493	6.451546145	0.11746844	1
ID1	-0.517816168	1.109417618	0.094837365	1
CEP250	0.370099799	9.115587258	0.113953945	1
AMOT	-0.26195334	3.420896099	0.148707654	1
XRCC3	-0.346961425	4.414985699	0.09572996	1
LRFN3	0.271407261	4.538894411	0.109305649	1
UBA2	-0.238337129	6.589770262	0.10250121	1
NR1D1	0.468031733	3.683577015	0.031496591	1
BCL2L12	-0.248714541	4.257008347	0.151572175	1
IRF3	-0.307521456	6.054120261	0.045709312	1
NSRP1	0.345209657	6.070724501	0.019379001	0.851018616
PCNXL4	-0.347186131	8.074987924	0.006033378	0.503410003
FGD3	-0.332182995	2.855254275	0.107448296	1
BEST3	0.576154093	3.519863902	0.001809713	0.268440824
TAS2R3	0.697827568	0.830456896	0.08079683	1
TMEM175	-0.559258177	2.985660638	0.041377093	1
UBR4	0.243754774	8.802127416	0.154241868	1
EPS15L1	0.22101795	5.950441275	0.072627708	1
KLF2	0.911706108	4.276221973	5.41E-05	0.01950792
PKMYT1	-0.256144871	5.053329328	0.107806193	1
WDR24	-0.413738463	3.823635467	0.023674841	0.921455181
CHTF18	-0.498075211	5.566352759	0.053140219	1
METTL25	0.734850435	1.206630645	0.012796474	0.727060025
SHFM1	-0.232270694	6.888864956	0.124109794	1
PTPN12	-0.212425523	6.713461349	0.19498214	1
SRD5A3	0.63571516	2.071089187	0.011924043	0.700952691
ASPHD2	-0.35827377	3.925293323	0.038300308	1
SDF2L1	-0.25100999	3.339999588	0.181608348	1
YWHAH	0.250659466	6.676628839	0.135807039	1
TPST2	0.274951991	4.328226574	0.106119321	1
CDHR3	0.335788384	2.317972302	0.157749069	1
VGF	0.568651037	4.41379845	0.003267071	0.37012072
STRIP2	0.299902154	6.54374099	0.128365628	1
IFT22	0.296830636	4.244602546	0.121202952	1
HAT1	-0.269823321	6.433543675	0.059759279	1
ARHGAP22	0.258792134	6.89131241	0.105089684	1
MYO5C	-0.3025472	4.609104908	0.117017845	1
DUT	-0.338979958	5.451978677	0.020296866	0.868471653
CHAC1	-0.521618226	2.967523618	0.047705081	1
ARPP19	-0.188555376	7.911548674	0.175600884	1
TPH1	0.721142664	0.227600588	0.067830163	1
E2F8	-0.762217065	2.676058192	0.000648481	0.131170062
FAM64A	-0.447584752	2.977665117	0.028022241	0.986166909
TXNDC17	-0.260854597	4.939597368	0.071811562	1
LRRC6	0.313943643	2.676327738	0.141718474	1
AJUBA	-0.490556806	5.481359314	0.003612796	0.381456026
FOXA1	-0.262662532	3.472979105	0.200912053	1
RHBDF2	0.221026904	3.864591045	0.180175797	1
MAP7D3	0.190578055	6.014012257	0.124905282	1
CRACR2A	0.238668522	5.739946052	0.130251731	1
LDLR	0.342028419	7.92600852	0.014504824	0.77147173
ARPC1B	0.304985759	6.298927694	0.063906642	1
LSM4	-0.308694899	6.494379995	0.156085479	1
JUND	0.826803249	6.122702099	1.85E-05	0.008245056
TAF4	0.267721804	3.091916781	0.169232539	1
ZC3H4	0.269698286	6.345283844	0.044700332	1
SESN2	0.210959628	6.797485938	0.153751577	1
SMPDL3B	-0.551971881	1.287001879	0.077350361	1
ATPIF1	-0.191345714	5.683087407	0.150641346	1
CCDC62	0.532301817	0.936973295	0.183246706	1
ZNF317	0.230857727	6.223227443	0.067061294	1
DNMT1	-0.160889086	7.955380958	0.195086576	1
EPS8L1	0.437394225	1.533496592	0.123374232	1
GINS2	-0.338233036	4.024911583	0.145210619	1
F12	-0.324556419	2.834543494	0.189938229	1
ABCB7	-0.222474364	5.670940891	0.17744375	1
SLC6A6	-0.30766856	5.980281871	0.017370934	0.828221298
GFPT2	0.222633539	6.937528197	0.071105736	1
TUBG1	-0.262535033	4.77580754	0.169698268	1
PSMC3IP	-0.458563389	3.843013992	0.045440301	1
C1orf159	-0.340644029	3.885961254	0.16080954	1
TOP2A	-0.203027431	8.267339958	0.084487515	1
FMO5	-1.022042071	0.691739073	0.02020548	0.868471653
VIMP	0.259851493	5.197617538	0.07494652	1
ZNF20	0.5791587	0.636496971	0.101146772	1
C19orf57	-0.511926484	1.16998011	0.119081333	1
NUP210	-0.222820709	7.40670718	0.066397247	1
TRIM5	-0.227295628	3.963273995	0.155877389	1
TRIM22	-0.420312366	1.035530164	0.176071269	1
RAMP1	-0.409046427	2.108535704	0.117130857	1
COQ3	-0.413410648	3.891415711	0.024455669	0.942502144
KDM6B	0.322398568	6.647403987	0.041303801	1
VPS13B	0.283117802	7.487502866	0.134725558	1
PCBD2	0.556357605	3.874008009	0.004872292	0.448586917
PCED1A	-0.495928288	4.938243176	0.040041993	1
PCNA	-0.454589607	7.129036881	0.054939171	1
PTPRA	0.205987209	7.218619082	0.071498695	1
NES	-0.55121131	4.931667682	0.014763615	0.775961681
BCAN	-0.364374302	2.446814593	0.131803319	1
SERINC3	0.198596795	8.121119903	0.086674515	1
PPP1R3D	-0.266918979	4.151581087	0.118611196	1
DSTYK	0.218097779	6.254647486	0.121222157	1
RFC3	-0.214843598	5.075215979	0.177865356	1
SLF1	-0.313228096	4.135986186	0.06822552	1
FAM83F	0.158848002	6.124892171	0.188823338	1
SWAP70	0.180070247	6.881549403	0.128873332	1
AMPD3	0.415854472	4.772822647	0.003440687	0.381456026
COX16	-0.508766132	1.473897373	0.071429241	1
MED6	0.312916025	4.75581874	0.052454532	1
IRAK2	0.297548693	3.145830918	0.19157166	1
BHLHE40	0.436125592	7.284814546	0.000307908	0.080599475
DPH6	0.250353482	3.645685898	0.151675534	1
PSRC1	-0.306135445	4.740035746	0.042318948	1
TRIM45	-0.761557341	2.062376256	0.001842725	0.270333836
LPIN1	0.418321324	7.962444113	0.022702623	0.899347241
EMP1	-0.386090332	7.528965046	0.006451052	0.516378857
DDB2	-0.369609084	4.926016561	0.00879079	0.586785209
ACP2	0.272109572	4.352202837	0.10974397	1
PIWIL4	0.528397022	1.452551012	0.060162597	1
GNL2	0.191991073	6.908897897	0.130463496	1
ELP2	0.15823738	7.025499955	0.196257371	1
DAGLA	0.232994685	3.296054148	0.200673721	1
CARS2	0.216041602	6.662939036	0.136750323	1
ARHGAP32	0.314260205	6.190259837	0.085296159	1
ETS1	-0.176346392	8.486227384	0.125838939	1
C9orf40	-0.22924436	4.362774329	0.153282093	1
ANXA1	-0.213083172	7.862966467	0.091997909	1
PSAT1	-0.450005548	7.568225324	0.032463405	1
MSI1	-0.224105106	5.831936712	0.078784351	1
P2RX4	0.350160816	4.007486461	0.041461477	1
HILPDA	-0.291005826	3.567959271	0.119713945	1
MTO1	-0.238458534	5.322258429	0.08681512	1
GLS2	-0.392562819	4.339645824	0.036679289	1
ITGA7	-0.518465733	4.769551897	0.049772867	1
COQ10A	-0.29810933	4.416143728	0.072194196	1
KRT7	-0.902392689	1.307097552	0.003984064	0.402933706
ZC3H10	0.277743187	3.73267121	0.1179836	1
MDM2	0.207118669	8.413854608	0.065040013	1
KCNK1	0.286471574	5.382982421	0.035689971	1
NPL	-0.335196748	3.134748321	0.07535243	1
USP37	-0.220838617	5.588315883	0.148276372	1
DNAJB2	0.356431347	5.400253537	0.019587314	0.854544568
EPC2	0.219665444	5.085311214	0.106053575	1
LMO7	-0.193068351	5.896201253	0.191158234	1
SETDB2	0.254741585	4.642143815	0.105661617	1
ZFHX2	0.362330345	3.184240297	0.181719092	1
CALCOCO2	0.21790701	6.616424644	0.107659427	1
VEZF1	-0.186088542	6.231824937	0.142176128	1
BRIP1	-0.362186611	5.671628121	0.032410992	1
SKIL	-0.71857444	5.097855886	1.20E-07	0.000145834
VPS45	-0.225707541	5.071385298	0.136311489	1
SMPD4	-0.183196101	6.052659292	0.162443349	1
CCDC115	0.199201007	4.274117936	0.185544301	1
NIPSNAP3A	-0.273187794	3.939679565	0.090167545	1
LRRC8A	0.182091387	6.152615388	0.200188298	1
SMC2	-0.258350993	7.493625899	0.024497996	0.942502144
KLF4	-0.686862549	2.947970515	0.000696242	0.138728751
TMOD1	-0.376733834	2.758918082	0.091631832	1
STXBP1	0.274748687	7.370900576	0.042914158	1
SLC31A2	0.387149615	4.431917404	0.096349803	1
ATP6V1G1	0.165014463	7.184112335	0.164388568	1
XPA	0.25911828	4.428009348	0.191395605	1
DSCC1	-0.454296426	4.652977969	0.004806859	0.448586917
NOV	0.29527628	4.290066789	0.121489261	1
RANBP6	-0.217560399	6.116172267	0.090495118	1
IL11RA	0.615183404	0.682846176	0.075329066	1
RNF38	0.209515479	5.762364738	0.152260577	1
TMEM8B	0.353588857	3.178962569	0.07665507	1
FOXP4	0.195690521	5.356190192	0.186974412	1
KIF13A	0.290890703	5.376112695	0.055063863	1
PIM1	-0.285230564	4.348909885	0.06073038	1
CMTR1	-0.183205332	6.086272124	0.15488854	1
TMEM63B	0.171900858	5.50546122	0.189043687	1
BPHL	0.22197254	4.474504657	0.143809879	1
UQCC2	-0.263398463	4.136064285	0.148173837	1
FHDC1	-0.507452755	1.512969277	0.076460177	1
CTDSPL2	-0.308123407	5.903339725	0.059255496	1
MAPKBP1	0.281211384	6.425451775	0.05435453	1
NUSAP1	-0.269434457	6.963628128	0.109095087	1
KIF23	-0.228050341	6.619619311	0.055642313	1
PAQR5	-0.264103822	4.023178519	0.122212414	1
BCAR3	0.410960467	4.423185333	0.011209545	0.680215557
ARHGAP29	-0.628192375	9.590417723	5.70E-09	1.09E-05
RPL7P9	-0.189741941	5.193789495	0.15885675	1
PNPT1	-0.171351717	6.441632314	0.165606066	1
STAMBPL1	-0.454371485	4.620763494	0.003271692	0.37012072
KIF11	-0.203888426	7.257020669	0.09534002	1
TACC2	0.211648021	6.180755264	0.093571047	1
KIF20B	-0.197654011	6.645899012	0.14068371	1
FAM149B1	0.255612717	3.951286194	0.132501895	1
ZNF365	2.23259422	0.246927888	6.21E-08	8.29E-05
BARD1	-0.420115073	4.882105246	0.009957295	0.639692451
NAB1	-0.346707462	6.182782844	0.038526202	1
CIR1	0.267749842	5.305846886	0.057421006	1
ITGAV	-0.218835464	6.416842945	0.087180424	1
SENP7	-0.302224399	4.726710389	0.187604952	1
MNS1	0.317299991	2.374974681	0.14386179	1
HERC6	0.261325405	4.777939359	0.132647319	1
ZGRF1	-0.386456109	4.910226988	0.0928197	1
AP1AR	0.192126866	6.237097732	0.153625103	1
SEC31A	0.260683285	6.143618783	0.076742753	1
GPAT3	0.456607629	4.432870352	0.021479588	0.876918967
CNOT6L	-0.251195724	6.865479333	0.043648681	1
SHROOM3	-0.414331481	1.945433927	0.086927147	1
RGS3	-0.523496704	2.82241557	0.019760054	0.859272702
DUSP6	-0.217840404	5.822974857	0.104147443	1
NEDD1	-0.220172899	5.944206773	0.073097617	1
TDG	-0.230367643	4.30245714	0.151614812	1
MMAB	0.253726635	4.220866408	0.157642919	1
SLC46A3	-0.548977866	2.857652586	0.008390354	0.580369054
RB1	-0.276205588	6.687459113	0.10610836	1
VPS33A	0.368002753	4.308737941	0.059674112	1
RHOF	0.270406452	7.404251967	0.125431254	1
DIAPH3	-0.384763699	6.456858193	0.004605046	0.4484741
CDH24	-0.518716758	5.041205463	0.075045848	1
C14orf37	0.333779278	3.843059937	0.044604309	1
RAB15	-0.165052361	5.769166148	0.188052159	1
C14orf79	0.387175542	3.555488932	0.189335656	1
DISP2	0.689944852	1.225936474	0.037205253	1
BCL2A1	0.327316416	4.682406642	0.044064294	1
TSPAN3	0.214389501	8.106877862	0.088516108	1
IGF1R	0.254689997	6.833049234	0.065065939	1
ARRDC4	-0.314651578	4.58953539	0.034909304	1
FANCI	-0.336474276	7.162804628	0.005367925	0.471459217
DET1	0.28186576	3.101011449	0.141365487	1
ITGAX	0.839200295	5.909414952	0.000533274	0.116708435
ARHGAP17	0.210946154	5.736451397	0.150274722	1
CMTM3	0.326501981	6.143609293	0.055741087	1
OSGIN1	0.527473805	2.901304019	0.046526134	1
NDUFB10	0.316602196	5.030503698	0.130637399	1
GID4	0.211376435	5.459524201	0.117721651	1
RANBP10	0.228531067	5.607685098	0.148282499	1
SCRN2	-0.334438342	4.768676921	0.061736439	1
RHBDL3	-0.52843766	2.385432383	0.026376862	0.968694698
ARSG	0.349431294	2.573441124	0.158099856	1
NPC1	0.27879652	7.368015612	0.018913223	0.850793807
SLC16A3	-0.305614258	5.940153945	0.037014378	1
RNF157	-0.410634794	2.404842228	0.093918806	1
CBX4	-0.270216927	4.784929218	0.060067082	1
PMAIP1	-0.236024291	4.408963515	0.12290606	1
FKBP10	-0.224520382	7.979226711	0.164469208	1
NA	-0.428684288	1.610065595	0.131204487	1
TPGS1	0.960659713	1.986109845	0.001689991	0.256379356
DPP9	0.184003265	6.430944902	0.142329295	1
ZNF473	0.239646423	5.0628429	0.09604246	1
EPHA2	-0.174885815	7.994916252	0.189682267	1
ARHGEF19	-0.409644382	2.138151338	0.096217163	1
IL22RA1	-0.400149788	1.988656911	0.144869719	1
PLK4	-0.445791933	5.758330635	0.001981276	0.284408939
ITGB3BP	-0.28177806	4.415797889	0.127780751	1
CYR61	-0.680018138	8.287883078	7.97E-05	0.027918325
PIGK	-0.373073492	5.290365776	0.170504878	1
ZNF697	0.216545861	5.445936284	0.151636834	1
STRIP1	0.21845368	5.692778632	0.16733315	1
ATP1B1	-0.579666617	5.220795536	0.001174675	0.210790338
POGK	0.240754206	6.833127425	0.049437295	1
PFDN2	0.183204509	6.667157025	0.125912941	1
LYPLAL1	0.245522379	4.949993136	0.085838173	1
SETDB1	0.236672774	5.322567171	0.114025297	1
PIP5K1A	-0.285414389	7.314559331	0.116934232	1
ANP32E	-0.193122455	7.566655354	0.140344598	1
DTL	-0.377374464	6.234574429	0.011623386	0.68749409
DYRK3	0.369387157	6.735174129	0.008671651	0.584679482
TAF1A	-0.250385572	4.42418548	0.101733861	1
DUSP10	0.53398461	1.978120423	0.049494501	1
ATP8B2	-0.245073647	4.067346279	0.132947386	1
ADAM15	-0.231263628	6.50585301	0.140183463	1
RAB13	0.174043301	6.584314088	0.147814404	1
UBAP2L	0.24661372	7.866250981	0.027297707	0.97963546
GUK1	0.241844383	5.729724041	0.163653007	1
PARP1	-0.152088139	7.916339924	0.191967402	1
PSEN2	-0.244435845	4.110672735	0.159260062	1
PYCR2	-0.264316057	5.56113836	0.049392773	1
LBR	-0.228372711	6.951312637	0.067494693	1
PTPN7	-0.178899146	6.128090495	0.161769925	1
RHOB	0.494922549	6.014905063	0.059976294	1
RPS27A	-0.224929241	7.459007425	0.06541756	1
SNRPG	-0.224469075	4.522214971	0.140210522	1
PKP4	-0.252468696	6.604991178	0.037210932	1
KIAA1715	-0.248290584	6.181843515	0.054653129	1
DLX1	-0.245076407	3.998796974	0.148799684	1
VGLL4	0.586848862	5.584927676	4.82E-06	0.002923437
FAM134A	0.238084301	6.61478551	0.163756885	1
OSBPL10	-0.264756388	4.252321136	0.097866896	1
PHLDB2	-0.527137823	2.83659775	0.009966744	0.639692451
TRPC1	0.497465489	0.771698753	0.141778035	1
RUBCN	0.211852208	6.137177519	0.106876213	1
AMT	-0.436442434	2.696050411	0.201385455	1
NICN1	-0.36195683	2.948781183	0.192876577	1
EAF2	-0.44932029	0.921244296	0.191391158	1
TM4SF19	0.709503638	5.539247724	2.30E-06	0.001707858
ATP10D	0.214880403	4.540188301	0.159729988	1
ANK2	0.493141424	4.025877855	0.048702134	1
TIFA	-0.317603659	5.361118314	0.073053184	1
SPATA5	-0.223920846	5.383164165	0.138294292	1
CYP4V2	0.711461949	3.957548767	0.000202523	0.06008196
SKP2	-0.283606919	5.559575716	0.045066844	1
SSBP2	-0.349712188	3.353931764	0.128833596	1
PAM	0.173841629	6.682160696	0.142686068	1
TSLP	-0.429636794	2.843344482	0.049024016	1
ARHGAP26	0.449198785	4.122816145	0.007989449	0.568345883
TNIP1	0.308803055	6.526134804	0.062066925	1
DCDC2	-0.297665626	2.989693029	0.162640124	1
PHIP	-0.285841074	7.954326057	0.029744256	1
MMS22L	-0.486977569	6.17746003	0.000172566	0.053575774
RNF217	-0.285717714	4.36979027	0.115266947	1
SLC2A12	-0.452440425	2.488987829	0.033124929	1
AIG1	-0.308385303	5.243137477	0.074243138	1
ARMT1	-0.274952566	5.402140413	0.044869347	1
C7orf50	0.316014599	5.016076862	0.077632563	1
CCZ1B	0.307740885	3.346069073	0.135969742	1
CREB5	0.608612529	6.826213063	0.001263806	0.216305235
CDCA5	-0.261165875	6.178715624	0.145353126	1
PSPH	-0.408503461	4.254290742	0.049648664	1
TRIM4	0.170406323	5.992442027	0.175075347	1
MEPCE	0.305184755	6.678704279	0.051558843	1
NCAPG2	-0.303486675	6.693658708	0.016620637	0.816971936
SHROOM2	-0.264947678	3.301831338	0.172514868	1
ZMYM3	-0.201590188	5.819910754	0.145068578	1
ZNF711	-0.330031774	4.987766512	0.101737837	1
FBXO25	0.209533697	5.414336223	0.133564552	1
HMBOX1	0.305231669	5.412444291	0.163073586	1
WHSC1L1	-0.249391324	7.736259906	0.149573685	1
TATDN1	0.295231325	5.429144634	0.025344361	0.95041352
NFIB	-0.236957579	6.788673024	0.128003285	1
PLIN2	0.222865484	5.528444873	0.193650465	1
HAUS6	-0.235270947	6.296996752	0.089477596	1
CDKN2B	0.293897976	4.201316265	0.079695945	1
C9orf72	0.255620873	5.975528079	0.163008647	1
IDNK	0.374306682	2.047846893	0.112226359	1
CIZ1	0.184223056	8.148778735	0.121059329	1
C9orf142	-0.333193941	4.670228458	0.031702563	1
POLR3A	0.303360899	6.9851658	0.02415114	0.934544119
ADD3	-0.232471135	5.391930053	0.089706192	1
LRRC27	0.369087326	2.778204588	0.063342624	1
TAF5	-0.499339754	4.227917027	0.003038283	0.362152527
PDCD11	0.167577205	7.563581874	0.145020125	1
CAPN5	0.252122431	4.406764138	0.11236405	1
MTA2	-0.303888867	7.128432736	0.051331355	1
FRG1BP	-0.371431196	3.009692668	0.111514373	1
KIAA1755	-0.742655112	3.093297756	4.69E-05	0.018407582
DSN1	-0.394069634	5.252024832	0.007261239	0.549331223
CABLES2	-0.410474369	3.264517846	0.041904484	1
TRPT1	-0.220084643	3.783569676	0.173180723	1
CDC42EP2	0.309628519	4.372480889	0.155887876	1
TBX6	-0.515612863	0.870948487	0.143248007	1
DOC2A	-0.318409445	2.682047112	0.147858861	1
HIRIP3	-0.227990419	4.982565513	0.132928457	1
MPP7	-0.516051414	1.823430455	0.058450684	1
KIAA1328	0.347705325	2.953378685	0.139032851	1
DLG2	0.698635135	0.13246711	0.075530809	1
PRSS23	-0.597731636	3.242972625	0.001228615	0.215815979
PIP4K2A	0.187550354	6.498124298	0.123858113	1
DHX37	0.198107539	5.484184375	0.148280161	1
ITPR1	0.289887576	4.777091833	0.048775659	1
SLC7A11	-0.175322534	6.580596419	0.141845699	1
PLBD2	0.242463824	6.869363359	0.050440084	1
NCAPD3	-0.30738706	6.71402094	0.009762492	0.635421932
MMAA	0.419115657	3.036008794	0.032215362	1
ZNF827	-0.30013376	5.333595695	0.110820123	1
AMN1	-0.437149352	1.506810506	0.145882351	1
DST	0.358222283	7.730299062	0.169852641	1
TMEM56	-0.350815787	5.485660413	0.053115053	1
GEMIN6	-0.276875769	4.401348166	0.165841808	1
UHMK1	-0.206776856	8.485194815	0.102429389	1
FAM151B	0.603333142	0.514833079	0.127980356	1
SPEF2	0.358411874	2.488345757	0.129952628	1
LGI2	-0.313438795	2.098229109	0.201252628	1
CAST	0.218338731	8.287741938	0.063275827	1
PTPRR	0.644050259	1.121947956	0.104065218	1
ING1	-0.285827814	4.211548349	0.084483337	1
LURAP1L	-0.597138965	3.971014365	0.000293106	0.079856359
CFDP1	0.331101748	5.138104093	0.017993509	0.845321538
DDAH1	-0.175052683	7.766191235	0.154428988	1
ROBO3	-0.42207692	4.352277404	0.154950146	1
BTG3	-0.189060714	5.040679343	0.190485274	1
OXNAD1	0.355080358	3.79367171	0.040463848	1
EME1	-0.608650825	3.422835738	0.000916837	0.172391103
ACSS1	-0.314913161	2.936710451	0.17412246	1
ZNF18	0.340810304	2.793910105	0.137556055	1
KLF10	-0.444013005	5.795139921	0.002859467	0.353461867
CDK19	0.291507432	5.311724287	0.028310349	0.986166909
TTC39B	0.328657453	3.375179565	0.086351098	1
GPR78	0.451366538	1.078432998	0.18231072	1
ZCCHC10	-0.245889143	3.785110246	0.13144998	1
MOV10	-0.197134527	6.884888014	0.112141109	1
PPM1J	-0.449263251	3.604076594	0.028113201	0.986166909
MIER3	-0.171672927	5.648902433	0.185805566	1
C10orf12	0.3567415	5.071788599	0.042979995	1
TMEM237	-0.223105988	5.107861104	0.113628003	1
DEPTOR	0.336807715	2.072725936	0.146447662	1
RNF20	0.208554503	6.642273562	0.113796478	1
TMBIM4	0.29768321	3.489959862	0.07998173	1
CARNMT1	0.17588908	6.176323122	0.143450054	1
FAM161B	0.731352438	1.868406858	0.003834692	0.396846015
SCAF4	0.163954947	6.700101214	0.171827604	1
RPGR	0.296857102	4.75711739	0.183377799	1
ANKRD9	-0.374968876	3.808350644	0.096868447	1
SFR1	0.362947811	2.685133584	0.085544272	1
HKDC1	-0.565750234	2.090135167	0.012966385	0.732313257
TYSND1	-0.370070158	4.537382533	0.020237025	0.868471653
UTP14A	0.192309224	5.433459614	0.150759957	1
ATAD2	-0.487127443	8.264724465	5.25E-05	0.019489833
FBXO32	0.407220227	4.626100332	0.010211506	0.649160012
SASS6	-0.312817318	4.567247601	0.109166356	1
BUB1B	-0.264654388	6.785490474	0.069429286	1
PDE6D	0.457455148	3.764046209	0.022225619	0.891027065
SMG1	0.315351592	8.354108176	0.190525817	1
FCHO2	0.192501635	5.605187742	0.177825633	1
SSBP3	0.279587934	5.677538087	0.052182025	1
CLDN12	0.270484647	7.498813454	0.01596018	0.80707729
MMP14	0.274516483	5.982843609	0.048915624	1
FZD1	-0.318049929	3.447404109	0.077251004	1
MYO1E	0.319424404	5.330896961	0.036850242	1
TSC22D3	0.548704757	4.673294043	0.003280982	0.37012072
LCA5L	0.47874677	0.751382683	0.159436724	1
TAB3	0.284972727	6.113804684	0.091489059	1
C9orf43	0.624287197	0.150239688	0.128129601	1
DGKI	0.337281311	7.949415502	0.019183395	0.850793807
SKI	0.228737542	6.425571744	0.071405257	1
AGAP1	0.174550977	6.481648147	0.186371095	1
WDR66	0.783590496	0.37618713	0.050371912	1
RHPN1	-0.429719289	5.895598735	0.158041647	1
CNNM4	0.335015316	4.989834059	0.015472867	0.791428276
EYA3	0.196059469	6.477281894	0.141954694	1
HIST1H2BD	0.554846387	2.373780678	0.135313695	1
B4GALT5	0.297346783	8.107909181	0.082004316	1
FAM86C1	0.461934544	2.184321022	0.07659818	1
TAGLN2	-0.651573135	5.163436608	0.090874444	1
SLC45A3	-0.311248839	4.387109067	0.08135511	1
DUSP23	0.42302327	2.432787413	0.160839064	1
NBL1	-0.391801721	3.744367021	0.097437647	1
PINK1	-0.228536804	5.326070939	0.11739697	1
MIS18A	-0.197997496	4.759935145	0.167740406	1
DONSON	-0.322203053	5.417784352	0.019077012	0.850793807
C2orf81	0.436336851	1.712830311	0.114134554	1
CHAF1B	-0.384248556	5.00545067	0.009115887	0.602460858
ADGRG5	0.338270962	2.785397771	0.095901225	1
FAM131B	-0.268674336	4.785967989	0.077203064	1
ZNF233	0.395105491	1.441508175	0.159809644	1
ZNF235	0.404269851	3.459685415	0.153587328	1
PRMT2	0.311623716	5.272433027	0.038076988	1
PKN3	-0.274920578	7.2411255	0.033773712	1
MPZL3	-0.402844516	2.598236647	0.077340782	1
ZBTB7B	-0.237201584	5.17715162	0.134967327	1
FLAD1	-0.237045448	5.046930525	0.14098298	1
SHC1	-0.355584119	8.697163765	0.002540075	0.329223283
NLRX1	-0.245233914	3.873855754	0.146632088	1
IL6R	0.329621462	5.388251351	0.045393095	1
CCDC12	0.485614695	4.293754912	0.002667013	0.339217657
PTH1R	-0.756515747	1.611809788	0.005606319	0.482866854
TONSL	-0.417250308	6.136331733	0.008560019	0.584679482
RECQL4	-0.365310339	6.194436604	0.086037283	1
FOXH1	-0.575300114	0.424607357	0.164246978	1
SH2B2	0.281158237	3.274500481	0.161083664	1
SQSTM1	0.360238072	8.522030801	0.063151736	1
MGAT4B	0.2409972	7.292530105	0.08535788	1
MAML1	0.234976293	6.239858363	0.138719031	1
FBXL13	0.494132072	1.822504007	0.048985777	1
THAP8	0.765427088	0.779309118	0.02825844	0.986166909
ALDH16A1	-0.29190475	4.247374749	0.111177056	1
LSM12	0.222875704	3.826933818	0.179722604	1
EMC10	0.287816311	5.416608357	0.056075443	1
SPC24	-0.5136425	4.477042165	0.028878117	0.994131669
LEMD2	-0.211265693	5.655048549	0.199109212	1
ADCY10P1	-0.421374599	1.549142349	0.128468881	1
SENP3	-0.193532016	4.744927518	0.200951756	1
WDR90	-0.381453879	5.384873354	0.160984613	1
CCDC78	0.599653162	1.991151536	0.028366149	0.986166909
C16orf59	-0.420096133	2.591628148	0.063381492	1
ZNF75A	0.489410343	1.706170905	0.093965565	1
LBHD1	0.427173819	3.192534783	0.140024267	1
CMPK1	-0.1615774	7.321577283	0.158408242	1
KLHL21	0.320615575	6.920260939	0.035971905	1
SDC3	0.19309335	4.729001212	0.169602856	1
USP1	-0.291486636	6.984057817	0.015423462	0.791428276
EXTL2	-0.240603998	5.61891743	0.062040272	1
SLC30A7	-0.172659431	6.341870012	0.173158566	1
NBPF20	0.34765809	3.287566584	0.172755405	1
MRPL55	-0.303925266	4.079891682	0.050534468	1
PEX13	-0.30099028	5.688655254	0.0214443	0.876918967
CCDC138	-0.363029424	3.498830753	0.053603564	1
PACRGL	0.386382973	3.624327002	0.021080558	0.87362775
LYSMD1	-0.323183309	3.45653791	0.066242804	1
RNF149	0.250945666	6.338843548	0.083491204	1
PBXIP1	0.191207821	4.922743831	0.188194583	1
IGFN1	0.946212334	0.561587298	0.035678322	1
TMEM79	-0.349640116	2.62944958	0.129620515	1
ADORA1	-0.359314398	2.349933121	0.182681176	1
SGOL2	-0.183337648	5.986967066	0.157697067	1
RPL22L1	-0.202190528	8.42558285	0.081911854	1
PPM1L	0.242522105	4.54632394	0.123051946	1
ICA1L	0.408033578	3.818943222	0.012047489	0.702151982
SPICE1	-0.334500036	4.549303545	0.053194665	1
CCDC191	0.455271561	2.765534355	0.145669696	1
CDS1	-0.215125453	3.91908059	0.187977166	1
SMIM14	-0.287016371	3.925715751	0.126292056	1
TOPBP1	-0.197381977	7.409047695	0.127050632	1
CDCP1	0.223141671	8.439820752	0.07754218	1
IFT122	0.387501793	4.220617562	0.093758076	1
RFC4	-0.261302708	5.295234787	0.052730358	1
ERMAP	0.412339942	2.744392655	0.075231534	1
H2AFZ	-0.352638641	7.624855328	0.017316618	0.828221298
CDC25A	-0.427378793	5.171380393	0.005488893	0.475822888
MFSD8	0.224249773	4.515840108	0.180974728	1
MST1R	-0.573409532	5.057824717	0.01472192	0.775961681
DUSP7	-0.189565859	6.237773388	0.155077305	1
MAD2L1	-0.361081776	6.427540132	0.005888992	0.497582525
TMEM144	0.298156374	5.153434774	0.09770569	1
ICE1	0.183570556	7.151651832	0.1872848	1
TMEM184C	0.273648153	5.37611882	0.034886969	1
ITGA2	0.587634675	6.425748509	1.29E-05	0.006419657
GRPEL2	-0.227412153	6.184926082	0.108167642	1
RHOBTB3	-0.271478891	5.847990778	0.03345177	1
GPX8	-0.228830451	6.515961677	0.165974283	1
TIGD6	0.409864255	2.281375754	0.071715973	1
SERINC5	0.249103585	5.737662366	0.067781198	1
RICTOR	-0.19817376	6.590012737	0.123154048	1
TLR3	-0.34467053	2.531846058	0.100134749	1
KCNK5	-0.375123363	3.850414826	0.043516861	1
SP8	-0.386695963	1.544715817	0.172147024	1
KIAA1324L	-0.382303197	3.062499156	0.041231734	1
LMTK2	0.185330158	7.024538378	0.160266532	1
MICALL2	-0.553464287	2.96175604	0.047100311	1
TMUB1	-0.260642138	5.75061314	0.143265596	1
TP53INP1	-0.197900448	5.189307002	0.177374846	1
GEM	0.827895258	6.549964796	5.96E-07	0.000530397
TMEM67	0.239545023	4.894866532	0.155952311	1
PSIP1	-0.19205252	7.88783897	0.089042951	1
C9orf64	-0.229689669	5.590665473	0.075961553	1
ZNF367	-0.572061382	4.58446497	0.000516632	0.114950611
NDUFB6	-0.279469747	5.014288364	0.050239051	1
MELK	-0.233723259	5.747127578	0.085827919	1
OTUD1	0.334057212	4.065817578	0.058897445	1
SUGT1	0.184424808	6.981938969	0.176207852	1
INPPL1	-0.242041991	6.908779744	0.200626176	1
MICU2	0.172493395	5.326880554	0.195507969	1
DDIAS	-0.305669584	4.433323218	0.062877256	1
RPUSD4	0.257802983	6.132660885	0.1299283	1
ZMYND19	-0.183994007	5.901294431	0.170816612	1
NSMF	0.242757534	7.786204556	0.120321592	1
METTL3	-0.238318765	5.611788481	0.110300723	1
ZFYVE1	0.308287718	5.312044891	0.046159011	1
E2F7	-0.274762439	6.129945197	0.109943613	1
R3HCC1L	0.246752527	4.413614986	0.111303737	1
AMOTL1	0.623514685	0.901204328	0.049350652	1
GPT2	-0.212527736	6.249452698	0.1060899	1
SPINT1	-0.236478012	6.134444431	0.168984738	1
SENP8	0.756496449	2.033531223	0.00115946	0.210790338
PLEKHF1	-0.368935573	1.586381176	0.176852521	1
C11orf65	0.596619994	0.381755108	0.113536911	1
TPP1	0.218181926	8.138230489	0.114907204	1
CYB5A	-0.322767202	4.002766309	0.070363063	1
KIAA0355	0.322601493	3.197227714	0.178500392	1
CENPN	-0.355379205	5.113912674	0.019004943	0.850793807
TMEM41B	-0.175279156	7.029256503	0.157141147	1
PKD1L2	-0.520257503	1.044890155	0.176987806	1
HSBP1P2	-0.735294577	1.18269737	0.019310152	0.850793807
TMED3	0.326755604	5.97348457	0.044763581	1
SLFN5	0.245679877	6.923647347	0.114887528	1
YPEL4	-0.55330944	0.498213315	0.166406526	1
FAM111A	-0.320918232	6.075562434	0.114925492	1
KIAA0101	-0.236102694	4.145241501	0.161429292	1
LDHD	0.623671951	0.677931265	0.089035101	1
NAV2	0.39235848	8.76092764	0.0248373	0.945755088
C18orf54	-0.257117877	5.159225153	0.111004284	1
DCTN5	0.261667617	6.740069502	0.090201857	1
NEMP1	-0.262075313	7.279978838	0.02703983	0.97963546
DIS3L	-0.289145495	5.15408312	0.048858239	1
SMAD3	-0.307156386	4.46159023	0.076858438	1
MAP1A	0.444824595	2.753055918	0.039785963	1
MARS	-0.241747436	7.438740114	0.193021029	1
NUDT21	-0.160443163	8.344608026	0.15587822	1
NAT16	-0.724671437	0.902827473	0.042523962	1
SGSM1	0.769949768	2.404783374	0.00048004	0.108619113
DUSP18	0.543616325	2.407293419	0.013435154	0.738538892
FAM102A	1.231907603	7.128561243	2.04E-18	9.08E-15
SP2	0.288833764	4.112830938	0.132836575	1
COQ7	0.275579288	3.681110314	0.160798429	1
ENGASE	-0.426010961	5.257644379	0.1625112	1
RRM1	-0.365733253	7.553741103	0.072079541	1
CACNB3	-0.213865606	4.777779762	0.141731588	1
DHRS13	0.345946299	4.498746053	0.043014247	1
RHEBL1	-0.380501816	2.795937619	0.050578872	1
ZNF701	0.411975606	2.068453479	0.128412113	1
AXL	-0.49246375	9.767568675	0.003551497	0.381456026
TMEM145	-0.323173243	5.638444809	0.040330574	1
CHAF1A	-0.258207588	5.95512733	0.065205813	1
GLOD4	0.171647095	6.382202718	0.164744662	1
KRT80	-0.41023965	2.255425698	0.080140491	1
ANGPTL4	0.455453991	4.625237589	0.037534603	1
NUDT8	-0.463397164	2.332101781	0.180467795	1
TK1	-0.454212386	4.746889789	0.140606971	1
RAB26	-0.674397398	3.561767179	0.0156325	0.793512848
KCTD5	0.283186217	6.051487995	0.037670818	1
TRANK1	-0.541103583	2.726193535	0.032775452	1
TTC21A	0.392112703	1.730958035	0.167998274	1
CCDC88B	-0.410800702	2.700988183	0.112413193	1
PBK	-0.437908669	6.041303253	0.000583466	0.121707343
NUDT16L1	-0.409936583	2.840125727	0.065520749	1
DNAJC7	0.198446006	6.605606347	0.159099955	1
IRF2BP2	-0.180160103	6.649406868	0.199239716	1
HIST1H1E	0.641175345	3.044369146	0.056345489	1
FILIP1L	-0.289219658	4.341042642	0.061945614	1
HR	-0.483494105	3.911140765	0.006262858	0.509811913
FEN1	-0.345963026	5.426441484	0.014495604	0.77147173
SNRNP48	-0.210872769	5.975064255	0.105927129	1
ADAM9	-0.370868217	6.729898305	0.005201983	0.462976511
FAM84B	-0.408028148	5.961041095	0.002051898	0.291413171
TMEM208	0.287551407	4.297345505	0.09480873	1
TNIP2	0.21203949	5.314670566	0.137429545	1
C2orf68	-0.217454162	4.510229904	0.196959818	1
ENHO	-0.534186955	1.408400452	0.191396025	1
CPLX1	0.346662006	2.739691208	0.111744468	1
IRS1	-0.447942364	4.564005293	0.002259134	0.30774932
CSNK1G1	0.198943329	6.077607288	0.121709819	1
ZNF354A	0.240787307	4.804024401	0.132567506	1
RGS14	0.805794504	2.122371946	0.00818777	0.572286573
RAB24	-0.538402236	1.996495158	0.091195324	1
CA5B	0.396488033	4.197894565	0.029963438	1
MRPL1	0.316730447	4.477824654	0.031297523	1
KIAA1024	0.550845295	2.155113015	0.046665029	1
CXCL8	1.361797938	0.18669422	0.027262582	0.97963546
SPNS1	-0.531259651	0.548966883	0.142291795	1
STRA13	-0.280556463	3.654060909	0.10626585	1
AVEN	0.311874405	2.971728568	0.129707175	1
P2RY1	-0.393112066	3.194521868	0.050802123	1
SYAP1	0.213695464	7.402658518	0.058803771	1
TM4SF1	0.489290127	7.038770914	0.016951403	0.816971936
NLGN2	-0.218180492	6.864487678	0.162375002	1
ALCAM	-0.373240547	6.297747892	0.004926732	0.448689629
TMEM192	0.17750503	5.839462703	0.191818909	1
SIK2	0.355347643	5.20579828	0.011479783	0.687242606
CHRNB1	-0.450351689	6.136884485	0.003798034	0.396123045
CDK1	-0.263548945	6.543556703	0.057967226	1
TCAF2	-0.702079327	0.206832572	0.137103977	1
SERPINB9	-0.846893689	4.62377855	8.08E-07	0.000673779
NUDCD2	-0.221232858	5.098087579	0.153352866	1
ATF7	0.391250305	5.581406325	0.019219621	0.850793807
MURC	0.572929317	0.855247726	0.085862434	1
AKAP13	0.416616947	6.837737142	0.056319172	1
TMEM43	0.308332249	6.154164136	0.034616805	1
HAS2	-0.442008852	5.886583885	0.002344624	0.316169039
FEZ2	-0.293041775	8.409865969	0.162939793	1
FAM86JP	0.790459081	0.383501507	0.040382683	1
PRKCE	0.309549895	4.533040189	0.03259876	1
ZNF672	-0.66396273	7.212765994	1.30E-05	0.006419657
TMEM126B	-0.226090364	5.661901355	0.082980173	1
SHCBP1	-0.263480627	5.551425024	0.054948513	1
ZNF440	0.304704049	5.197425843	0.064987306	1
PGAM1	-0.347444819	3.842820269	0.166672812	1
ESCO2	-0.441385896	5.24930886	0.001655356	0.254011531
TPPP	0.221621722	3.679048843	0.190465055	1
LRRC8C	-0.214901312	6.460968438	0.101114403	1
ENC1	-0.68123435	5.319652832	3.29E-07	0.000337799
SPSB1	0.298234142	5.673161411	0.04671202	1
ATF7IP	-0.204962264	6.885744378	0.120663192	1
LRRC34	-0.368701125	3.139901321	0.181125738	1
CTPS1	-0.213181834	6.554295484	0.070058863	1
RRM2	-0.419742346	7.431042995	0.048632893	1
RPS21	-0.234816584	8.416092445	0.053119221	1
TLN2	0.34874827	5.071627381	0.075966324	1
ZNF57	0.309517222	3.156689542	0.120877477	1
JMJD1C	0.327285086	8.96063189	0.075384734	1
KLF11	0.283683372	3.892791232	0.089870934	1
KRCC1	0.346880752	2.866758619	0.158116672	1
ISG20	0.291087217	4.09374871	0.101918527	1
MBOAT1	-0.385021538	2.970999077	0.066088475	1
BPGM	-0.347460137	3.828140425	0.043664985	1
STARD5	-1.00469775	1.491832089	0.002148867	0.301972317
CFAP53	0.476307301	1.647813464	0.161207874	1
BANP	-0.25970929	3.452299136	0.135371798	1
RND1	0.603964616	0.373732488	0.177237481	1
RAD9A	-0.29201178	3.062200883	0.138505325	1
FAM21C	0.302454518	5.512160667	0.053397084	1
ZMAT3	-0.204079185	7.012837331	0.080403795	1
ZNF596	0.602554931	0.583641478	0.083010206	1
PDP2	0.161261804	6.401928438	0.196492382	1
SP3	-0.173661345	6.842999465	0.13922106	1
DHCR7	0.435394303	6.032436641	0.08767418	1
RNASEH2C	-0.407401407	4.476738785	0.007345571	0.549331223
MYEOV	-0.663470123	4.25187486	8.16E-05	0.027918325
HPSE	-0.351302164	4.112237896	0.090445617	1
CKS1B	-0.391133865	3.132870199	0.089435982	1
KIAA1919	0.519819203	4.128732825	0.021202651	0.87362775
ZNF483	-0.370383013	2.823365697	0.10729153	1
TRIB1	0.498766986	6.941062758	0.000736759	0.144643061
MST1	-0.516309992	1.017381304	0.175155756	1
GMPPB	-0.235810488	3.923234538	0.194495774	1
UQCRH	-0.23358668	6.747011796	0.075254283	1
NA	0.428769151	4.607124838	0.003593162	0.381456026
NET1	-0.231258776	6.381212083	0.090848395	1
CBX2	-0.244307684	4.946010538	0.120701921	1
TLR1	0.819519568	0.255695987	0.035576841	1
FAM174A	0.343369879	3.107475136	0.088353643	1
C12orf66	0.318586564	3.403439613	0.067784204	1
EXO1	-0.374656887	5.435843539	0.024922844	0.945755088
RALGAPA1	0.439543415	4.429469258	0.051480612	1
ZWILCH	-0.31901476	5.318002761	0.082864339	1
SH3PXD2B	0.329212922	6.790981327	0.013347495	0.738538892
NR1D2	0.263209298	5.459485764	0.058329567	1
DENND6A	0.299621019	5.614394693	0.023660471	0.921455181
ASPHD1	-0.326274509	4.446203219	0.064104524	1
FBXW8	0.469538006	3.987848606	0.010878624	0.675486659
SH3BP5L	-0.398045079	8.146348961	0.001469745	0.242117549
CSRP2	-0.410014165	2.829686609	0.057922002	1
PCCA	0.478563535	2.776820496	0.017045969	0.81857442
ARHGAP1	0.215067713	6.090720676	0.146757408	1
TP53I11	-0.214307569	5.122636972	0.138100795	1
CCNE2	-0.756661601	4.481919036	1.85E-06	0.00145643
PTPN2	0.320280419	5.506329845	0.019530136	0.854544568
SART1	0.210799159	6.094562876	0.095156616	1
CLCF1	-0.415239315	2.845574472	0.054593406	1
DRAP1	-0.191062188	7.306741851	0.119079342	1
C11orf68	-0.292445232	4.228488846	0.174802563	1
FOSL1	0.28340165	8.299213537	0.039616706	1
ERCC4	-0.236658561	4.600323228	0.116618307	1
RMI2	-0.430449219	3.180359012	0.018449722	0.847392385
LINC01106	0.544259296	0.257954846	0.134658629	1
BAIAP2	0.329482883	4.484352075	0.083536402	1
TUBB6	-0.695052007	1.414127781	0.038956881	1
B3GALT6	0.324769229	3.456489639	0.072516685	1
ATAD5	-0.422722067	5.701759058	0.132521926	1
SLC35G1	-0.229561499	5.238124441	0.098650065	1
ZSCAN2	-0.271204775	3.72917388	0.099357422	1
EID2	-0.209717936	4.649415887	0.195992357	1
LPCAT4	-0.266351139	5.505235058	0.196932437	1
USF3	0.298537891	6.632821234	0.068600382	1
RNF152	-0.68055822	4.835143896	8.01E-06	0.00445333
MYO1D	0.401278617	4.712842818	0.007954597	0.568345883
FAM91A1	-0.157360125	7.766274167	0.158341447	1
TYMS	-0.388139131	6.255229706	0.047135124	1
PXMP2	-0.54614199	1.249702893	0.107952779	1
ANKLE2	-0.200078859	7.100836873	0.120756603	1
GCNT4	0.386409661	1.766535383	0.148993791	1
FAM89B	0.740046362	1.264932887	0.020712198	0.869548304
SMCR8	0.165700856	6.359613201	0.193843852	1
MTHFR	0.468843828	3.60731433	0.007211998	0.549331223
DEAF1	0.250679964	4.762173788	0.163312017	1
ACER2	-0.496937404	1.390441483	0.078982153	1
PAWR	-0.159690155	7.420061935	0.166838959	1
MIEF2	-0.501387768	3.610835382	0.007300958	0.549331223
PTRF	-0.464710908	6.977110484	0.003006921	0.361643234
SLC25A22	0.247734304	5.288027167	0.117970134	1
PIDD1	-0.430764332	4.246789097	0.05136964	1
ZNF491	0.456932721	1.524994883	0.092383285	1
CRACR2B	-0.440505414	2.924186818	0.122691412	1
CD151	-0.2426074	7.156044044	0.188452757	1
FLII	-0.225169315	8.222540698	0.042785428	1
PCDHB9	-0.469650038	0.951940666	0.180568255	1
ZNF620	-0.302296376	2.564102421	0.177758991	1
RIC8A	-0.249462135	7.019808784	0.096541967	1
ODF3B	0.478780065	1.222091069	0.116911974	1
ADAMTSL1	-0.444524304	3.064095752	0.053937784	1
NA	-0.716129253	0.309396287	0.149950814	1
KDELC2	-0.392596608	5.677168667	0.006657223	0.525881229
ZNF543	0.301242052	3.024769572	0.117895864	1
COX14	-0.422342631	3.771353025	0.129001299	1
ARMC10P1	0.678694984	1.391405114	0.027957021	0.986166909
PARP10	-0.357132876	4.025705707	0.060902809	1
DHFRL1	0.272599001	4.09777013	0.085084251	1
APOLD1	0.408781799	0.768617674	0.195451793	1
RMI1	-0.315081028	4.388429119	0.055053346	1
SEPW1	-0.22822812	5.886817441	0.164423052	1
SAMD4B	0.309528555	7.234812709	0.023609013	0.921455181
ZBTB42	-0.257480631	3.474948964	0.15648503	1
MYADM	0.241388737	6.370465968	0.103669516	1
AKAP5	-0.803731168	1.66916789	0.002668004	0.339217657
ZNF784	-0.438568823	1.939394751	0.15690315	1
SOCS4	-0.192420137	6.615227027	0.147103949	1
ZADH2	-0.253391517	6.424234062	0.045027256	1
TDRD6	0.722757651	0.090330404	0.072262787	1
RCC1	-0.190112841	7.231496644	0.156730179	1
MTURN	0.294812726	5.378042776	0.079307009	1
EMC3-AS1	-0.375765077	2.979336523	0.199121569	1
HARBI1	-0.435399154	2.129735911	0.096342165	1
HMHA1	-0.273735375	4.68278493	0.063935441	1
FAM73A	0.231028783	5.495572987	0.084399788	1
CAPS2	-0.352205724	2.916577323	0.110814441	1
SLC25A42	-0.272181778	3.134879412	0.135361426	1
HIST3H2A	0.449015843	2.372688465	0.172589009	1
DDN	-0.305959694	3.276672171	0.150494848	1
ACBD4	-0.288744966	3.603010722	0.158888321	1
FANCB	-0.477033858	2.916150412	0.089502142	1
GPR3	0.242292261	3.699446586	0.163325209	1
KCTD9P2	0.588172111	0.131288592	0.191080194	1
RELL1	-0.255969159	3.955199295	0.190342997	1
COA4	0.296854124	5.596440421	0.071928212	1
GINS3	-0.333824172	4.590206416	0.025525483	0.954524366
CCDC149	0.288069	3.594537534	0.134850143	1
RAD51B	0.214929144	3.819082267	0.188222384	1
EXT1	0.220890144	6.138291445	0.10436279	1
CACNB4	-0.435001081	2.914322764	0.034228709	1
NPLOC4	-0.153087357	6.919217134	0.190256963	1
SKA2	-0.321821014	6.239893889	0.013126023	0.736270617
HOXB4	0.290317086	3.331048622	0.137638677	1
GJC1	-0.676477834	4.904555212	2.67E-06	0.001850831
NAA38	-0.385247558	3.549035704	0.089550009	1
C2CD4C	-0.456976928	3.55585827	0.025755021	0.955082012
CCDC159	-0.481281578	1.547666262	0.095914969	1
OR7E38P	0.629671297	1.855285786	0.010524669	0.659644729
MEX3B	-0.375555822	2.256596709	0.114361855	1
FAM46C	-0.902955342	0.996235306	0.018272309	0.847392385
GUSBP1	0.420209721	2.214614969	0.119878617	1
TRAIP	-0.294558264	3.3540771	0.119360126	1
LIN9	-0.264093982	4.197462944	0.092664435	1
BTBD9	0.282505721	5.096354263	0.047358064	1
DENND5A	0.179229218	6.804561747	0.151584524	1
EIF3C	1.127205224	3.333168924	0.00082069	0.158785654
NR2C2AP	-0.509434607	4.311583908	0.006175506	0.508907439
PGP	-0.402831237	3.73254791	0.055932112	1
PKP3	-0.254073633	4.293869673	0.11795514	1
MAML2	-0.623679695	1.065784576	0.064288977	1
TOP1MT	0.182901033	7.499993808	0.113831147	1
THAP7	-0.327883627	3.013514825	0.112322142	1
TXNRD2	-0.980052222	5.125483414	2.84E-08	4.21E-05
HDDC3	0.337661996	3.243491584	0.084384771	1
SOCS3	-0.800226954	3.727992059	3.34E-06	0.002124675
FAM19A3	-1.25358336	0.470161881	0.000575831	0.121707343
MED12	0.430256224	6.012232422	0.000880775	0.167976356
TMEM186	-0.23753241	4.093208419	0.130098305	1
SIVA1	-0.221119076	4.494419706	0.172842637	1
BRI3BP	-0.221961906	6.323269765	0.071897909	1
ADSSL1	-0.505533032	1.11748757	0.097839107	1
PURA	-0.298706545	6.314085905	0.051583701	1
NOMO2	-0.371041226	2.85434207	0.101733601	1
ZBTB37	0.464673869	5.151775385	0.073839713	1
TARSL2	0.324704585	4.404190619	0.126887557	1
PARPBP	-0.269930896	4.666332751	0.056938429	1
AHNAK2	0.520637856	8.282153304	0.015124626	0.791428276
LMLN	0.226291564	4.156442718	0.18782392	1
MYBL1	-0.280759437	3.78766507	0.174145207	1
PCYT2	0.325312704	5.121158352	0.020581012	0.86948263
THNSL1	0.188066708	6.10244716	0.196195127	1
RNPC3	-0.35896907	3.620020001	0.168928212	1
ZNF267	0.404507991	5.703734249	0.005003579	0.448806288
IRS2	0.525015705	5.3094311	0.002891005	0.354081786
LRCH3	0.20694058	6.263477879	0.170298745	1
NA	0.451642203	1.613198294	0.102009318	1
POLR3C	0.317218666	4.962811401	0.073492658	1
KIF18B	-0.390926538	5.588904131	0.006461148	0.516378857
KDM4D	-0.69091078	0.623139127	0.044562297	1
CA5BP1	-0.293770252	3.013026604	0.149464448	1
BACE1	0.304978138	3.100533921	0.116495676	1
ANKRD37	0.869174161	0.673002005	0.026685201	0.971931606
KRT10	-0.282214196	3.727371659	0.107406599	1
CCDC30	0.620478272	1.099344852	0.042954038	1
PCLO	0.673647415	1.855700569	0.011324984	0.683466557
INSIG1	0.322587673	6.476222165	0.067957729	1
CEACAM19	0.412542652	2.323853802	0.120501941	1
HPDL	-0.292117942	2.83523429	0.17122731	1
SPIN4	-0.226774944	4.633891134	0.145007102	1
HYAL3	0.549579257	1.075873071	0.121478411	1
PDZD7	-0.497872819	1.805141587	0.122087702	1
EFCAB6	0.694883875	0.123631413	0.093966702	1
TEAD1	-0.466309209	7.616089523	0.00485013	0.448586917
LYPD6	-0.260839191	4.169622821	0.197759025	1
MT1X	0.521999233	5.579288866	0.034786968	1
SESTD1	-0.231745245	4.803095392	0.190226497	1
EPOR	-0.300066713	3.589545357	0.183628348	1
PCDHB13	0.243387474	4.771403193	0.177976812	1
C17orf97	0.281842253	3.136065439	0.187064435	1
SPRY4	0.171902994	9.026712943	0.149574687	1
THSD4	0.467709433	1.393416544	0.098504436	1
FANCM	-0.418106613	4.36590237	0.007845598	0.566155311
PEAR1	-0.413390217	3.406858413	0.077856014	1
TMPPE	0.496791929	2.927302787	0.01847125	0.847392385
DUSP28	0.627783982	1.641914536	0.024756815	0.945755088
NDOR1	-0.379055189	5.010254911	0.062213092	1
CLN3	0.352063819	2.097247758	0.161212801	1
S100A16	0.329822559	8.606481085	0.179405717	1
PTAR1	-0.28282903	7.124356638	0.098912779	1
ZBED6CL	-0.232839466	5.149331365	0.082073349	1
RBM34	0.603673519	0.51721678	0.07000651	1
MSL1	-0.275644265	6.67986685	0.192602863	1
DHFRP1	-0.402444956	2.055385697	0.098133829	1
KCTD21	0.501099727	2.575780622	0.041023917	1
NDUFA4	-0.319135058	5.645605225	0.01999454	0.866646466
FAM111B	-0.523228385	3.992288131	0.002207944	0.304626599
H1F0	-0.286058558	7.871266834	0.027525537	0.982529207
TMEM120A	0.377772853	4.014685724	0.088069586	1
ZNF527	0.31311788	3.627406732	0.17213709	1
LIN54	-0.225801193	5.497411781	0.129283856	1
NEMP2	-0.279547616	6.518902459	0.021141913	0.87362775
HMGB1	-0.257506679	6.512499127	0.086045765	1
SH2D5	-0.459479016	1.436649222	0.16171336	1
ZNF724P	-0.245681743	4.3381169	0.10135484	1
PLEKHG4	-0.303396459	3.728144846	0.191018678	1
ZNF681	-0.252978624	3.665962112	0.188571582	1
STK40	0.186974481	6.009961147	0.144431392	1
RNF216P1	0.217058757	4.252919671	0.171749776	1
GREB1	-0.479957241	1.383124085	0.10723108	1
FAM217B	0.232436463	5.756314712	0.165697332	1
XPNPEP3	0.262139838	6.426343488	0.063463427	1
ZNF836	0.239162985	5.090533886	0.107436106	1
POM121	0.226730155	5.495171241	0.105116496	1
CD55	0.324454013	6.13421214	0.123997847	1
TSC22D2	0.242554258	6.125121223	0.074831196	1
ZNF777	0.224157335	5.048252573	0.173862588	1
ARL9	-0.675815524	0.93071373	0.052030212	1
SLC6A9	-0.501908464	2.629659808	0.017638754	0.837997736
MKL1	0.26297829	4.462720965	0.181525736	1
ZNF431	0.306338296	5.900275509	0.178020819	1
LINC01560	0.406173926	1.417264334	0.144193687	1
S100A2	0.383395736	8.139038874	0.015597372	0.793512848
MAML3	0.266122235	3.861640418	0.102893844	1
NHLRC2	-0.179263359	7.055163892	0.164782706	1
KPNA5	-0.278134441	4.774807923	0.189310016	1
PDLIM7	-0.191978373	5.642888847	0.177094624	1
SRGAP1	0.251997438	5.211987272	0.09838995	1
FAM3C	0.227915112	4.64905258	0.197027596	1
CASP4	-0.213275901	7.425185462	0.101264371	1
ANXA4	0.300193117	5.89028869	0.142942755	1
KIAA1671	0.229855453	6.6586107	0.080590884	1
IGF2R	0.238779173	8.379373838	0.083124249	1
DYNC1H1	0.284636847	10.67576038	0.066272076	1
NEK5	0.548882626	0.824295239	0.123910892	1
C1D	-0.22978666	3.572183014	0.194191829	1
KANK2	-0.473416011	4.269302464	0.002822722	0.35318343
C6orf141	0.615479117	4.222985612	0.025633293	0.954636471
ZNF165	0.217527792	4.606750991	0.140093621	1
BLM	-0.197998209	5.369310854	0.134860596	1
ZNF720	0.289679157	4.614873669	0.148882008	1
ZNF786	0.329872161	3.919828998	0.091479672	1
HTT	0.234483394	7.621547891	0.087690241	1
HNRNPAB	-0.191635243	7.835243977	0.147226706	1
PCDHB11	-0.34109896	2.653026984	0.166135557	1
MYO5A	0.313810917	7.551316871	0.052600728	1
SIPA1L1	0.36956208	7.293074117	0.005283943	0.467156558
RAB40C	0.23154236	3.867786542	0.177139615	1
SPTAN1	0.276909656	9.35458553	0.059269949	1
S100A10	0.532069135	4.718740075	0.019131004	0.850793807
MAP1LC3C	-0.529838897	0.965346662	0.077266483	1
TAF13	-0.295268096	5.742715385	0.027431638	0.981802601
SLC9A8	0.172593271	5.69721842	0.187616289	1
GPAA1	-0.283773406	5.952360973	0.148325275	1
MYO1C	-0.198346108	7.998676181	0.161185547	1
HIST1H2BK	0.730073426	1.899975084	0.00566435	0.484737622
ZNF71	0.2296078	3.635860104	0.191928782	1
S100A6	0.388724134	8.344904191	0.176157056	1
ENTPD7	0.443287393	7.61054465	0.000216353	0.061453494
SIRPA	-0.208027248	4.435078669	0.181991637	1
PRIM1	-0.253116242	4.851414172	0.154330257	1
HMGN5	-0.286936447	4.999297982	0.133373462	1
SVIP	-0.214419945	5.033829486	0.167210274	1
TFDP1	-0.24831864	6.459790653	0.106567398	1
ASPH	-0.284517725	8.718906343	0.012798435	0.727060025
ZNF583	0.310366037	3.139437185	0.116849812	1
ZXDB	-0.223566676	5.537928517	0.122396709	1
TPM2	-0.444588066	5.344979541	0.19215751	1
TMA16	0.206761128	5.221073495	0.116780954	1
ATL1	0.637483589	0.685163263	0.119890921	1
WDHD1	-0.465582683	6.344984676	0.000306099	0.080599475
NUDT16	0.282447874	6.136416771	0.071057767	1
NCOA6	0.204882725	7.229564497	0.175115145	1
PAPSS2	-0.593319048	0.425116532	0.162391499	1
GLMP	0.384087428	5.386090024	0.110519716	1
LDB1	-0.177303922	5.768309319	0.1527087	1
MTCO3P12	-0.602149919	1.925749755	0.121933398	1
LRIG2	0.271835803	5.332640516	0.131458891	1
GK	0.499087412	2.198393044	0.048359766	1
ZNF358	0.372393172	3.016469985	0.089457232	1
DENND4B	-0.218656864	6.360143134	0.183230905	1
R3HDM4	0.228876794	5.530393872	0.156214163	1
MTND4LP30	-0.965404659	1.056497223	0.022388897	0.894885557
SREBF2	0.169485878	7.68452604	0.168393344	1
RPL39	-0.2356195	5.837473907	0.076248507	1
L3MBTL3	-0.30229577	4.620574406	0.070352175	1
KIF1BP	-0.205977621	5.379574677	0.194955597	1
TGM2	-0.283322883	7.797022457	0.05774089	1
PJA2	0.175380921	6.76932836	0.136736378	1
RNU6-173P	0.574952749	0.799791064	0.085531872	1
RN7SKP80	0.819828921	2.293729529	0.001533751	0.243756929
RN7SK	0.998919155	6.903739158	3.73E-05	0.015078644
INF2	0.22413863	5.94907917	0.143212979	1
PDCD4-AS1	0.811481536	0.646750807	0.027183415	0.97963546
COX20	0.222313472	5.011905271	0.159052597	1
TATDN3	0.26979633	4.205540973	0.183979857	1
ADAMTSL4-AS1	0.704171003	1.064441065	0.031048088	1
ATP1A1-AS1	-0.946363688	0.234185229	0.019065108	0.850793807
SNHG5	-0.210057835	6.968551389	0.070216944	1
LINC01270	-0.657232884	1.686311448	0.046038751	1
TMEM57	0.27800857	5.668410997	0.045350276	1
AGPAT1	-0.525184679	0.818145191	0.151255438	1
ZNF616	0.196094001	4.999503021	0.178443971	1
NA	-0.436254705	2.10174475	0.124176817	1
MRPL53	0.441201476	1.466594079	0.116315499	1
DCTN1	0.204630457	7.131020947	0.083820624	1
PCDHGA1	0.437669106	1.100919473	0.164158402	1
TRIQK	-0.251130164	4.488996759	0.146843737	1
C4orf46	-0.350448242	5.18964636	0.039290871	1
TMSB4X	-0.52716453	3.742920365	0.002458177	0.326860723
DPF3	-0.418006226	1.130932512	0.14522621	1
C5orf51	0.196967784	7.07779119	0.118543039	1
CATSPER2P1	-0.808555932	0.439282596	0.044069258	1
H1FX-AS1	-0.571482847	1.966145826	0.028244677	0.986166909
MT-RNR2	0.641273747	13.74262554	0.037205337	1
MT-TH	0.560829031	0.320901388	0.201192212	1
MT-TP	-0.72272046	3.198521048	0.047456962	1
MT-RNR1	0.944216127	12.36220891	0.00152192	0.243756929
SNORD17	-0.540995381	0.509077682	0.167072342	1
NA	0.845970874	-0.139883425	0.060735073	1
ST13P5	0.361890407	1.730411878	0.165210354	1
ZNF611	0.331606134	4.872289824	0.115945059	1
COX20P1	0.490313593	1.294730389	0.10072341	1
SCAF8	0.225497687	6.63777242	0.079172668	1
RPL7AP60	0.933173384	0.428614671	0.018637992	0.850793807
NA	-0.33698176	5.652114615	0.128379211	1
NA	1.053699479	0.607578228	0.077926753	1
NA	0.306597838	2.569616255	0.182572136	1
NA	0.488208563	1.416484144	0.107051226	1
RBMS2P1	0.522203794	2.135050269	0.057880753	1
RPL7AP34	-0.491345838	3.385481005	0.06806553	1
CHUK	-0.203073532	5.715429638	0.134930875	1
MXD3	-0.378376385	2.642377892	0.068701979	1
COG8	-0.232465755	4.811890005	0.115563286	1
LCAT	-0.572583089	3.161286406	0.167507088	1
SIPA1	-0.299501287	4.441767048	0.072106574	1
SYNJ2BP	0.238646097	5.520086308	0.122742019	1
NT5C3AP1	-0.567024543	1.00680598	0.112511103	1
DNAJC9	-0.223476309	5.163692648	0.132263165	1
HEXA	0.270908948	6.596208525	0.060143989	1
LDHBP2	-0.359460344	2.927044111	0.115699548	1
ZNF888	0.589510607	0.68105713	0.130159704	1
EMP2	-0.353442439	5.389001334	0.019055972	0.850793807
NA	-0.725228929	1.576046522	0.061313002	1
SLC23A3	0.465054876	1.274449663	0.19997455	1
NA	-0.309908889	3.574419623	0.092567368	1
TSPAN4	-0.441199773	4.572533414	0.004531163	0.448081654
ST7-OT4	1.103751846	0.195019462	0.028260471	0.986166909
PLIN5	-0.981742014	0.452985547	0.011365511	0.683466557
PPME1	0.183526488	6.443184342	0.13406461	1
NA	-0.602280672	0.547617223	0.152093879	1
DDX12P	-0.456887603	3.135839365	0.067637481	1
NA	-0.770825359	0.945495388	0.031340903	1
TMEM14DP	-1.337707665	0.422576059	0.004679164	0.4484741
ARHGEF28	-0.189707467	7.556931935	0.146918998	1
ISPD	0.573315511	0.709693303	0.122269586	1
NA	0.27269098	3.355671524	0.160304332	1
NPM1P12	-0.349517396	3.314006266	0.102997881	1
ZNF407	0.233813667	5.398925659	0.174180341	1
SLC35E2	-0.443935625	1.829335715	0.152326556	1
GAPDHP72	0.596820167	1.144031291	0.078661688	1
NA	-0.281628329	4.114828572	0.089149874	1
FNIP1	0.203691148	7.493997725	0.085375588	1
CKLF	-0.25615845	3.192516391	0.169851912	1
NA	0.723456544	0.45879088	0.053588989	1
NA	1.139035912	0.416504781	0.003551872	0.381456026
LYPLA1P3	-0.471395766	0.750272658	0.176069143	1
CEBPZOS	0.299358916	5.656027705	0.020469411	0.86948263
NUFIP1P	-0.757158849	0.529003756	0.050892123	1
NA	-0.672659529	0.891131601	0.050706893	1
ZSCAN12P1	1.024307512	2.219463288	1.96E-05	0.008439295
NA	-0.484500641	2.388223431	0.047208312	1
PPP3CB-AS1	0.353150176	2.304979614	0.122320859	1
HMSD	-0.502793524	3.275387214	0.007798304	0.565800831
APOL6	-0.322703022	3.699700877	0.091228822	1
FADS3	-0.265754061	5.823865588	0.07705774	1
SNORD12B	0.522289382	0.275156216	0.179834639	1
NA	-0.617476862	1.020676199	0.05187041	1
ZNF844	0.518438367	4.794032883	0.007208825	0.549331223
NA	-0.50201134	0.764269991	0.193922141	1
NSUN5P1	-0.447162479	3.388022808	0.074964794	1
SAP18P2	0.808897918	0.274247465	0.095914871	1
OSER1-AS1	0.588498018	0.493701275	0.140712352	1
HNRNPRP1	-0.638850811	1.386867289	0.029189079	0.996723806
NA	0.693246075	0.536903595	0.045417014	1
NA	-0.622866956	0.581564406	0.146529973	1
HAGLR	-0.204149882	4.348814891	0.190091428	1
NA	1.02759518	0.156820106	0.015446763	0.791428276
NA	-0.21464663	5.462004382	0.139364595	1
IPO8P1	-0.651693779	1.702029916	0.130386487	1
NA	-0.509815565	1.003539471	0.127915997	1
GCSHP5	0.411345529	1.282437007	0.16904674	1
PRRT4	-0.604025015	2.859034084	0.006215367	0.509049976
EIF4BP7	0.252840678	4.638510816	0.139373837	1
NA	-0.711488452	1.632601465	0.018411918	0.847392385
NA	0.614726908	0.313179576	0.150334929	1
NA	0.343799057	4.154076793	0.081460568	1
RPF2P1	0.385926202	1.264728844	0.172796148	1
NRSN2-AS1	0.513712838	1.896697452	0.055820426	1
SFTA1P	-1.139862554	6.142703455	5.58E-14	1.86E-10
BOLA3-AS1	-0.476350781	3.053065361	0.020951594	0.87362775
NA	-0.527328843	1.093050713	0.116264941	1
STIP1P3	0.573095541	1.860424367	0.029406442	0.996723806
MIAT	0.751177724	0.911348644	0.191658224	1
RUSC1-AS1	-0.748638012	1.009387085	0.023153936	0.914511956
NTF4	-0.880989057	1.408779981	0.004614661	0.4484741
ELFN1	0.365754273	2.041157996	0.129658329	1
NA	0.648082511	1.241882724	0.031609981	1
LINC00623	0.542218461	1.46390201	0.051743892	1
SEC11B	0.463712008	2.66721355	0.070518496	1
FTCDNL1	0.757764851	0.963877171	0.035128296	1
NA	0.999755683	0.397170335	0.081638381	1
SGMS1-AS1	0.377186253	1.676740445	0.157243294	1
ENTPD1-AS1	0.254733939	3.683782434	0.181811359	1
NA	-0.456249001	1.391588015	0.149893802	1
CENPCP1	-0.435619774	1.524853655	0.138695254	1
MIR663AHG	0.807612453	5.676830551	0.06036972	1
ST7-AS1	-0.634086773	0.928522124	0.052985966	1
NA	0.56838306	0.100370639	0.188099189	1
NA	-1.044549696	0.506446197	0.007631396	0.559775472
HCG4P5	-0.649457254	0.490630503	0.189953998	1
MFI2-AS1	-0.590440485	1.460203869	0.091714846	1
NA	-0.383902315	4.748589491	0.153234753	1
KATNBL1P6	-0.477423239	1.028966133	0.153827508	1
LINC01004	0.936534067	0.670468106	0.008169848	0.572286573
SDAD1P1	0.637731837	2.170385745	0.007365565	0.549331223
NA	-0.851124894	0.560040804	0.015359507	0.791428276
NA	0.673895082	0.736471866	0.072415386	1
NA	1.079899457	2.915614822	0.13660269	1
CCDC183-AS1	0.432093419	1.863403768	0.080827016	1
SPCS2P4	-0.300765842	2.747931852	0.158361349	1
ATF6B	0.270600424	2.889639985	0.18987033	1
NA	0.602781308	0.862203051	0.100548788	1
EXOSC3P1	-1.120672661	0.786707884	0.001328248	0.224003897
RPL41	-0.287164379	3.938118975	0.174894819	1
NA	-0.544729812	0.898132995	0.159310954	1
NA	0.401602376	4.064275065	0.052020992	1
SOS1-IT1	0.577838134	1.301550148	0.067678802	1
SLC25A38P1	0.714958341	0.429442402	0.10290788	1
NA	-0.337761744	2.044583394	0.163882921	1
DDX10P2	0.566803532	0.408303932	0.185001868	1
NA	-0.642875386	0.428771696	0.110958419	1
SERPINB9P1	-0.505144802	0.88131711	0.136554135	1
PSMG3-AS1	0.723710613	0.549079168	0.044217324	1
NA	-0.318547364	2.739513805	0.149273764	1
CCT5P2	0.374538615	2.217428614	0.132980845	1
NA	0.587331835	0.755140979	0.198199898	1
NA	0.572031004	0.814704886	0.072688273	1
SMARCE1P5	0.962747	1.027574387	0.008003672	0.568345883
HLA-K	-0.370471501	2.68542912	0.10275089	1
NA	0.467463105	3.660604727	0.062168882	1
NA	0.553399917	2.550907403	0.013434074	0.738538892
EIF1P3	0.515081161	0.60792066	0.198253278	1
TMEM44-AS1	0.410093343	1.021401832	0.194313284	1
MTHFD1P1	0.506282235	1.280007783	0.083878769	1
TRAF3IP2-AS1	0.360460457	2.002078296	0.131631575	1
RFX3-AS1	-0.470473442	1.195087226	0.178308556	1
TMA7	-0.268818686	4.267896401	0.080060525	1
ACTR3P2	-0.641053176	0.334788165	0.110189152	1
NA	-0.252415285	4.620580024	0.133817743	1
EEF1A1P3	0.496960576	1.025129605	0.148927513	1
SDCBPP3	-0.482948822	1.64167614	0.071826601	1
GSTO3P	0.731219988	0.923463632	0.051366297	1
PHKA1P1	-0.358140033	2.419135791	0.105457539	1
NA	0.468755598	1.953067202	0.059340238	1
NA	0.748023608	1.033622001	0.057113493	1
PFN1P1	-0.32599191	4.376874829	0.161670897	1
NA	0.555853558	3.306519481	0.003299203	0.37012072
HIST1H2BN	0.404174794	1.868498097	0.121438152	1
NA	-0.36695602	2.241575382	0.128223012	1
NA	0.799814312	1.49914064	0.016878226	0.816971936
UBE2SP1	3.136595492	1.059187279	4.21E-11	1.12E-07
NA	-0.547325814	0.988554988	0.14767783	1
NAP1L4P3	0.417286532	1.407965287	0.171313434	1
NA	0.679890489	1.838062513	0.086267757	1
TATDN1P1	0.759521009	0.44467145	0.036583376	1
PTGES3P1	-0.261103371	3.369300197	0.180245703	1
MAPKAPK5-AS1	-0.234474695	3.839214712	0.164691932	1
TPT1P9	-0.44572483	0.853625334	0.189026714	1
NA	0.766202692	0.800365229	0.02884974	0.994131669
NA	0.486612334	2.2568211	0.038410243	1
RPL39P3	-0.677942326	2.855026598	0.002830759	0.35318343
NA	1.440733268	0.346822628	0.011053075	0.680215557
HAUS6P3	-0.631415876	0.336997526	0.156878283	1
SUMO1P4	0.349538047	2.051376144	0.193719468	1
NA	-0.41151832	1.737677524	0.107742447	1
KIAA0040	-0.253932084	3.87390534	0.132535509	1
PPP1R11P1	-0.626311389	0.128290674	0.17644889	1
NA	0.390786086	3.319212791	0.050846874	1
PKMP1	0.576444696	0.220927946	0.153367791	1
HNRNPA3P5	0.90801411	2.151025213	0.024936763	0.945755088
EIF4A1P6	1.002723092	0.144439504	0.021896009	0.88639826
ZNF503-AS2	-0.55448296	1.057842744	0.071828512	1
LINC01358	-0.781951584	4.283933132	2.77E-06	0.001850831
LINC00857	-0.670027354	0.655933685	0.063970957	1
PA2G4P1	0.470336069	1.113053757	0.146894219	1
NALT1	-0.861043379	1.678759876	0.014593551	0.773110749
FLG-AS1	-0.844764428	0.246726427	0.04570651	1
NA	0.523943024	1.315357484	0.081860042	1
NA	-0.657899426	0.378845184	0.130429719	1
SCARNA7	0.788134455	2.325829644	0.027125197	0.97963546
RPL34P31	0.687642435	2.129124022	0.021144756	0.87362775
RNF103	0.258691934	5.17550825	0.081442766	1
HNRNPA1P26	0.391951488	2.132333677	0.10362643	1
NA	0.396504804	1.779426053	0.141873645	1
NA	0.76357162	0.302917728	0.059758678	1
NA	-0.624629909	0.667140365	0.176101666	1
GHRLOS	0.896283997	0.612830265	0.023226912	0.914688109
NA	-0.815935587	1.852987683	0.036825671	1
RPS2P5	-0.359570547	6.208110092	0.172852494	1
LRRFIP1P1	1.008041899	0.090978474	0.017865299	0.842762344
PHBP8	0.693916086	1.337890566	0.032294176	1
RPL34P18	-0.783645261	0.918648468	0.016441462	0.816971936
TMEM189	0.232964771	4.744967122	0.101545918	1
CYP51A1P1	0.47270831	2.007605911	0.054028404	1
NA	-0.486513029	2.992124464	0.068221487	1
NA	-0.465412869	1.771793683	0.183670352	1
RPL31P49	-0.597362727	0.296800621	0.177353308	1
NA	0.525936379	1.53539999	0.074063669	1
PRR34-AS1	-0.355600057	2.101485107	0.157481884	1
HYPK	0.600646573	1.545073547	0.079960311	1
RPL7AP6	-0.446028098	7.114718519	0.123459799	1
NA	0.62445404	0.496965183	0.186431693	1
CCT4P1	0.498965064	0.76548852	0.184677347	1
ZNF702P	-0.417193876	4.885929828	0.002472879	0.326860723
AP5Z1	0.286900448	4.877047635	0.114060948	1
MRPL33	-0.199678571	4.66150578	0.17042845	1
NA	-0.683999293	0.602682149	0.099744095	1
MNX1-AS1	-0.426971617	1.555216909	0.130833053	1
ST13P15	0.339103593	2.357275653	0.132762352	1
NA	-0.312862753	5.373870007	0.129597607	1
ZNF512	0.280660602	4.924157521	0.188574389	1
FAM86DP	0.436778097	3.178355615	0.030179756	1
TMEM199	0.363089474	3.881072531	0.052192091	1
RPS20P35	-0.363168009	3.319370735	0.117664264	1
DBNDD2	-0.413346817	2.850180364	0.154723341	1
NA	0.516283733	1.058764611	0.066532831	1
MTCYBP18	-0.648382189	0.921048579	0.152645056	1
USP2-AS1	0.524915276	1.278255015	0.080782294	1
NA	0.506609392	0.438846052	0.172085839	1
NA	-1.009901838	0.687557261	0.013000617	0.732313257
UBL7-AS1	-0.517299576	1.479075811	0.079475214	1
NA	0.611545899	1.436259605	0.05238523	1
NA	0.61011771	0.441331199	0.113078264	1
TRIM52-AS1	-0.818744082	1.030936757	0.013304674	0.738538892
NA	-0.762705147	0.961521338	0.026719019	0.971931606
POU5F2	1.190177952	0.629789119	0.033829064	1
NA	-0.789814544	0.28861797	0.046403699	1
NPM1P21	-0.64545484	1.149178859	0.038909011	1
HMGA1P2	0.417230013	3.886154195	0.130210667	1
BCLAF1P1	0.581334479	0.778343612	0.08569402	1
NA	-0.486149216	1.435617669	0.096415051	1
NA	0.869815387	2.365651182	0.087327784	1
NA	1.024147074	1.548183421	0.000598156	0.12285207
ZNF286B	0.244797134	3.776879724	0.199992752	1
NOP14-AS1	0.350763842	3.7187056	0.039979218	1
FER1L5	0.504631453	0.954988222	0.123673684	1
CSNK1A1P3	0.584617472	0.758639919	0.094818182	1
NA	-0.474309661	2.101065073	0.047628887	1
CCT5P1	0.301216404	3.040218408	0.178859975	1
NA	0.679818649	0.738921522	0.073012039	1
GMPSP1	0.500951139	1.941819256	0.049249275	1
GPR162	-0.530011798	2.103426565	0.056186617	1
NA	0.685146157	2.041973495	0.04063766	1
HNRNPKP1	0.320468271	2.60137446	0.125939617	1
ZFPM2-AS1	0.381093439	2.975088745	0.194240159	1
NA	0.389347897	1.008906381	0.198709282	1
CUL1P1	3.176706224	-0.020086464	6.62E-09	1.10E-05
ALDH7A1P1	0.587619329	2.438994102	0.013443067	0.738538892
NA	0.460333445	1.300583108	0.131981612	1
FOXD1	-0.288711645	5.256869778	0.069144515	1
NA	-0.48669201	1.25382386	0.187241811	1
NA	0.436648417	1.427034547	0.196351914	1
NA	0.297076614	2.158732435	0.194095734	1
PCDHGB6	0.623880441	0.841524585	0.05428476	1
PCDHGA5	0.335293338	2.535080045	0.129428959	1
PCDHGA6	0.37792097	3.20334057	0.174253879	1
PCDHGA8	0.951744795	0.211645404	0.015270804	0.791428276
PCDHGA11	0.472415564	0.680673401	0.180495653	1
HMGN1P38	0.410841434	1.388249513	0.136756563	1
MAP2K1P1	0.447899186	1.430717769	0.141487827	1
NA	0.831505227	0.270290291	0.042042398	1
NA	-0.639064012	0.593474761	0.13751057	1
RCC2P6	-0.960329241	0.779948947	0.008086052	0.571157647
NA	0.536481804	1.551971125	0.080255251	1
NA	-0.860006408	0.214893154	0.049180211	1
NA	0.839599558	1.180857045	0.007445602	0.552215514
SCARNA9	0.572401721	1.786615198	0.192071662	1
NA	0.445936791	1.269237298	0.155791191	1
NA	-0.756474128	3.204644027	0.064078826	1
NA	-0.458646731	1.201166812	0.118450072	1
NA	-0.541204481	1.05533942	0.142994355	1
NA	0.398260854	3.55576379	0.126523104	1
NA	0.955335233	0.016561559	0.069391977	1
NA	-0.602242829	0.171543635	0.193467625	1
ZNF252P-AS1	-0.563650097	0.346085738	0.155607649	1
FDXACB1	0.34583428	2.338278346	0.192803603	1
NA	-0.475620184	0.762337228	0.144060042	1
FAM222A-AS1	0.351064438	1.847194894	0.18015637	1
MTRNR2L8	0.828730599	1.854172615	0.070376511	1
LINC00346	0.530267122	5.190059584	0.00039344	0.09549874
NA	0.304057723	2.386500058	0.182549828	1
MTRNR2L3	1.256284263	-0.093293969	0.016603889	0.816971936
SUPT16HP1	-0.297324559	3.592153509	0.179755982	1
ZBTB11-AS1	0.407389114	1.627472506	0.160652672	1
RBBP4P5	-0.470578177	0.952157297	0.130041803	1
NA	-0.534177962	0.556656286	0.176084352	1
NA	0.894156594	-0.017792831	0.037435013	1
ZNF271P	-0.209751242	5.404241464	0.161530952	1
NA	-0.49682766	2.755494912	0.043559028	1
FNTB	0.346142689	2.448532478	0.152453252	1
NA	0.672191794	1.26982557	0.046833665	1
INAFM1	0.606179824	1.340318925	0.04552515	1
FNBP1P1	0.657722805	2.006983791	0.011204762	0.680215557
NA	-0.903020214	1.951474261	0.000477005	0.108619113
NA	-0.663337179	1.014050505	0.06941731	1
CHURC1	0.204195193	5.159954397	0.134840483	1
NUTF2P2	-0.658718666	0.085840121	0.102286054	1
NA	-0.708494796	0.257572095	0.106978441	1
NA	0.470532325	1.044023153	0.188414803	1
DNAJC19P9	0.902500091	0.721778283	0.07320938	1
ARHGAP5-AS1	0.576885255	1.850378483	0.036647643	1
LINC00520	0.293420005	2.682022924	0.157538028	1
ADIPOR1P2	1.642029751	0.279402408	0.00055914	0.120395502
NA	0.609785912	0.136754515	0.186087107	1
NA	-0.407464324	3.462225991	0.091296059	1
NA	-0.792148424	0.31044952	0.045062483	1
USP3-AS1	-0.577578759	0.600404837	0.155241341	1
NA	-0.621824397	0.882329519	0.063262211	1
NA	-0.597118827	1.089938504	0.073787549	1
ANP32AP1	-0.350398656	2.5567059	0.115792653	1
ST20-AS1	0.662086531	0.714447932	0.076486904	1
NA	0.529736012	2.093963077	0.025294752	0.95041352
NA	1.064552304	1.027537581	0.000476298	0.108619113
NA	0.638414096	1.546784004	0.071458005	1
NA	0.52589275	1.62899163	0.067707898	1
NA	0.480733789	2.791687344	0.07133637	1
JHDM1D-AS1	0.317996073	3.050333896	0.14605912	1
NA	-0.2460506	3.823461419	0.137588358	1
SCX	0.793279392	1.17938773	0.042340701	1
NA	0.937276327	1.451506775	0.004842262	0.448586917
NA	0.545142074	0.501620363	0.152775575	1
STAM-AS1	-0.623144939	0.344176603	0.113196965	1
NA	0.745838207	0.401381055	0.041715974	1
NA	-0.727830932	0.75041183	0.18375457	1
NA	0.482453996	2.867216534	0.014490166	0.77147173
NA	0.531686632	0.811506157	0.155643202	1
NA	-0.555381453	1.229258253	0.157192713	1
NA	-0.441547377	2.287391189	0.053828415	1
NA	0.309517561	3.230817327	0.161449758	1
NA	0.509786806	0.518750421	0.178457805	1
NA	0.564851993	0.559746538	0.172413264	1
NA	0.520312253	0.546545431	0.132860388	1
VPS9D1-AS1	0.416291822	4.435438759	0.004703099	0.4484741
PAN3-AS1	0.507917742	1.038556973	0.116867082	1
SMG1P7	-0.635109872	0.391306785	0.14277321	1
NA	1.024363639	1.078702586	0.029735947	1
NA	1.007054129	0.341528546	0.019269175	0.850793807
NA	-0.541361797	0.61136478	0.111545996	1
TXNP4	-0.898428718	0.765908138	0.010482833	0.659644729
PCDHGA4	0.386015052	1.416219425	0.192017455	1
NA	-0.567630101	0.488232403	0.145821721	1
NA	0.489412539	2.632206775	0.016489214	0.816971936
LRRC37A17P	0.474510734	1.33499958	0.085411456	1
NA	-1.299285378	0.872027499	0.000277426	0.077158991
CCDC58P1	0.560425321	0.653581365	0.11623772	1
NOTCH2NL	0.782203007	0.597542982	0.029971164	1
NA	0.634414318	0.566941471	0.108428888	1
TUFMP1	-0.650417329	0.767040237	0.095514651	1
MAFG-AS1	0.578294539	1.959969188	0.060599934	1
ZNF488	-0.657390626	0.347653783	0.14668388	1
RASSF5	-0.610276177	1.975342323	0.016938791	0.816971936
NA	0.3298205	2.357567471	0.168988068	1
NA	0.389635536	1.391238516	0.197977702	1
NA	0.425372516	2.126783559	0.089980864	1
NA	0.817329234	0.269516567	0.047345461	1
NA	-0.585266409	0.315195406	0.194490968	1
NA	-0.957592713	0.919482573	0.037995782	1
MAP3K14-AS1	-0.461919024	0.786551443	0.178877988	1
NA	-0.912183713	4.885133134	7.35E-10	1.64E-06
NA	-0.983751653	1.990716905	9.92E-05	0.033095195
NA	-0.281143008	3.565943338	0.113528729	1
NA	0.79297386	0.07874201	0.052751383	1
NA	-0.661248795	0.284182076	0.10035632	1
NA	1.047889455	0.305500496	0.034756515	1
LIN37	-0.394420029	1.528342778	0.191275968	1
NDUFV2P1	0.329122187	2.793005517	0.177353486	1
MZF1-AS1	0.670373914	-0.039873115	0.198374511	1
NA	0.408334364	1.329611622	0.166626899	1
FKBP4P6	-0.467038195	1.644596419	0.101963062	1
VN1R81P	0.766293449	0.474348502	0.025961472	0.960071069
VN1R83P	-0.653684599	0.479737265	0.085352513	1
NA	-0.888760738	0.536141437	0.032804006	1
NA	0.314798096	4.602903794	0.085932141	1
NA	-0.439685395	1.211597634	0.184746574	1
IKBKG	-0.491815061	0.992757689	0.162864093	1
NA	0.559666198	0.608643493	0.11509323	1
NA	0.526349427	2.751609761	0.086876547	1
NA	0.697138708	1.951120694	0.036416859	1
NA	0.481714952	1.927946071	0.12524429	1
NA	-0.589502055	0.965559288	0.095976382	1
NA	-0.773171263	0.512259771	0.045059702	1
NA	-0.577826152	0.346273634	0.164391912	1
NA	0.423227718	4.292882821	0.007744908	0.564997355
TSIX	-0.981090599	1.736795848	0.053620748	1
NA	-0.472489792	3.38161373	0.059085107	1
TMCC1-AS1	0.350681526	3.525951226	0.090191899	1
HTATSF1P2	0.476986556	3.803384615	0.014503429	0.77147173
NA	0.367190403	2.314008991	0.168236616	1
NA	0.61120856	0.962996774	0.085272903	1
ANKRD34A	-0.29164301	2.803097255	0.157014879	1
NA	-0.588351715	0.16844815	0.193694603	1
NA	0.633827112	0.022187351	0.124971133	1
NA	0.275515883	4.499212281	0.100976773	1
NA	0.396997557	2.809417705	0.055737383	1
NA	0.59665539	1.481658414	0.034277213	1
NA	0.368737845	1.971669038	0.182712687	1
NA	0.442258328	1.855932081	0.117134796	1
NA	-0.525857212	4.868716128	0.004831748	0.448586917
NA	0.448833445	2.169311714	0.142809587	1
NA	0.514360533	0.778756568	0.142107846	1
NA	0.880321595	-0.093393014	0.051664546	1
NA	1.141548634	0.317234144	0.003464999	0.381456026
NA	0.68947298	1.203302668	0.031673551	1
HIST1H2BG	0.449706673	1.707137337	0.160396014	1
GATSL2	0.573978011	2.794030139	0.005962736	0.500644841
NA	-0.988335419	0.257456586	0.023976221	0.930472526
SOCS7	0.813249399	0.075223145	0.066725951	1
ZNF658	-0.443928558	0.983107934	0.156965188	1
NA	0.43033364	2.351291365	0.132195066	1
WBSCR16	-0.183974463	5.829211695	0.144242034	1
GTF2H2C_2	-1.135351644	0.872794377	0.011607823	0.68749409
HIST1H2AH	0.570947975	0.296969879	0.162177773	1
MIR6087	0.677797553	0.30894246	0.122065072	1
ZNF2	0.258360306	3.188125549	0.195448241	1
NA	-0.589653223	0.925207029	0.116475002	1
NA	0.413106522	4.000432548	0.016372077	0.816971936
NA	0.660131057	0.513226792	0.114961647	1
NA	-0.99618001	0.055690981	0.02344401	0.920522149
NTAN1	-0.920549724	0.450855256	0.079923053	1
UHRF1	-0.457591811	5.762374135	0.00109534	0.203094347
NA	0.662169694	0.613882805	0.062634799	1
NA	0.472422994	1.579207624	0.133274301	1
NA	0.490518579	0.336768716	0.153515679	1
NA	0.394714025	2.711808145	0.056587444	1
HIST1H4E	0.703959625	2.289910092	0.008597399	0.584679482
NA	4.061046071	7.684215154	1.75E-05	0.008065889
GTF2IP1	0.494668426	3.939432696	0.07103435	1
ZNF670	-0.339222311	3.32997062	0.07283917	1
NA	0.467258358	0.549186203	0.197296581	1
RRN3	-1.542340732	0.960747207	0.050685568	1
NKILA	-0.776088406	0.697716933	0.034523797	1
NA	0.482946072	1.388747796	0.119000017	1
CEP83-AS1	-0.897931263	0.110758469	0.067639262	1
NA	0.342098982	3.759946109	0.091368842	1
NA	0.479225472	2.757429806	0.035508903	1
NA	0.402894719	2.31566351	0.118990624	1
NA	0.607418045	2.274695374	0.011092815	0.680215557
NA	0.640199761	-0.270931465	0.17110375	1
NA	0.977626842	0.769551489	0.005009149	0.448806288
NA	-1.143903971	0.459630021	0.004407179	0.442374713
NA	0.439450844	0.850454028	0.196262421	1
NA	-0.888517287	2.803732097	0.057565442	1
NA	0.653355946	0.368039068	0.079645824	1
NA	0.636986124	1.327006085	0.050425762	1
NA	0.941118328	1.704433681	0.042048645	1
NA	0.8434951	0.20988204	0.104568502	1
NA	0.405571056	2.342372471	0.10646072	1
NA	0.614004636	0.901373111	0.074977548	1
NA	0.54489382	0.298173852	0.168784378	1
NA	0.618095967	0.117613781	0.112450053	1
NA	0.974923787	0.529325928	0.009805013	0.635421932
NA	-0.327066479	2.362630718	0.175379771	1
NA	-0.509908264	3.048743793	0.010737628	0.669847372
NA	-0.338443229	2.169662757	0.15233949	1
NA	-0.36381024	3.895316854	0.06393485	1
NA	0.370056888	2.54120066	0.184383522	1
NA	0.391619417	2.053374634	0.113089751	1
NA	0.274839906	4.438012927	0.148655872	1
NA	1.180903289	0.061706957	0.006157177	0.508907439
NA	0.935650339	0.135678078	0.021994433	0.88639826
CYFIP1	-0.452000208	1.920830343	0.117802373	1
NA	1.322372223	5.946516539	0.113009652	1
SPRY4-IT1	0.567937641	3.412758769	0.168080347	1
SMIM10L1	-0.450211804	1.710334584	0.117322925	1
NA	0.844859433	0.392426292	0.020532457	0.86948263
NA	-0.43300375	3.202396057	0.12036778	1
NA	-0.549880365	0.384624581	0.161162711	1
