Symbol	logFC	logCPM	PValue	FDR
C1orf112	-0.83113732	3.47665399	9.33E-10	1.06E-08
GCLC	0.715236529	6.662395242	1.63E-20	5.10E-19
MYH16	3.501582656	1.783040327	1.06E-12	1.67E-11
MAD1L1	1.697761035	6.687211844	3.45E-84	1.34E-81
LASP1	-0.727807848	9.284203798	2.15E-24	8.73E-23
DBNDD1	0.71731847	4.491088015	3.62E-10	4.32E-09
SLC7A2	-0.940924983	4.568106043	1.07E-17	2.67E-16
PLXND1	-0.602106114	4.537517065	5.05E-08	4.59E-07
PDK4	-1.141062092	2.6816203	6.13E-11	7.94E-10
THSD7A	2.706952477	2.356600941	1.66E-36	1.47E-34
ACSM3	-1.805110716	0.997165064	7.88E-10	9.09E-09
FAM214B	1.039092159	4.589415961	7.04E-17	1.61E-15
BZRAP1	-1.181892605	3.407441443	5.36E-10	6.30E-09
ITGA3	1.412447451	9.332617731	1.63E-83	6.00E-81
TMEM98	-0.709973376	4.273999464	1.39E-09	1.54E-08
YBX2	-1.305029812	4.550346779	2.95E-22	1.04E-20
MAP3K14	0.81125381	5.528008109	6.91E-15	1.37E-13
TMEM132A	0.749398977	5.987853796	6.34E-14	1.13E-12
TNFRSF12A	0.759458392	6.932316364	1.36E-13	2.32E-12
RALA	0.532318177	7.068087334	9.73E-09	9.70E-08
BAIAP2L1	0.378158768	7.08649468	4.14E-07	3.28E-06
KDM7A	-0.856779431	6.207577315	9.18E-23	3.35E-21
ETV1	-1.33419142	4.530979445	1.36E-35	1.10E-33
PHTF2	-0.875307354	6.187626187	6.75E-19	1.91E-17
IFRD1	0.582103268	8.746279608	8.60E-15	1.68E-13
NOS2	-1.639719201	2.153178603	6.16E-15	1.23E-13
MYLIP	-1.227034456	3.258272387	1.23E-17	3.04E-16
JARID2	0.63224985	5.601334494	5.17E-10	6.09E-09
ADAM22	-0.947788574	6.06408883	2.74E-29	1.52E-27
SPAG9	0.623113109	8.539937658	1.94E-20	6.04E-19
MGST1	-0.859751429	2.970387191	1.51E-08	1.46E-07
IL32	4.842392404	3.44418716	9.54E-46	1.28E-43
MAPK8IP2	0.563689725	4.987404319	9.32E-07	6.86E-06
NCAPD2	-0.651066655	7.964633787	4.16E-21	1.36E-19
HIVEP2	0.535438048	6.812421511	3.48E-07	2.78E-06
LYPLA2	0.584822954	5.186809541	2.15E-09	2.34E-08
CLCN6	0.608775549	5.170288848	2.80E-07	2.26E-06
ABHD5	0.669054348	4.393014611	4.76E-09	4.96E-08
MBTD1	-0.652199226	5.471219564	2.13E-13	3.58E-12
PLAUR	2.15455852	6.985780904	7.25E-97	4.13E-94
TMEM159	1.178598163	4.31315961	1.02E-13	1.76E-12
GABRA3	-0.976408711	5.255983476	1.60E-24	6.55E-23
BRCA1	-0.680221136	6.388421214	7.77E-12	1.13E-10
SEMA3B	0.659264297	6.410021071	9.25E-08	8.09E-07
CLDN11	-0.991363748	7.226392825	3.52E-31	2.24E-29
MVP	1.093030756	3.94317271	7.01E-15	1.39E-13
DNASE1L1	0.581202768	4.750269841	1.43E-07	1.21E-06
GPRC5A	1.200318006	8.731600092	1.29E-26	6.06E-25
POLA2	-0.726562283	5.105507845	1.87E-12	2.87E-11
CAPN1	0.660352027	8.771557918	5.32E-24	2.10E-22
MTMR11	1.307686678	2.200033147	1.73E-09	1.91E-08
CHDH	-0.928128767	4.074157389	4.39E-14	7.96E-13
IGF1	-2.050575894	2.540848648	2.49E-29	1.39E-27
SYT13	-1.311710539	2.131453875	1.43E-11	2.00E-10
SNAI2	3.654013123	3.453853717	5.14E-77	1.64E-74
MRE11A	-0.986806889	6.075133646	9.32E-32	6.14E-30
PLEKHB1	-1.163776516	4.418713972	4.45E-24	1.77E-22
SERPINB1	0.820946038	7.152361877	2.18E-10	2.66E-09
OSBPL5	-0.468757955	5.290891847	1.03E-06	7.53E-06
FHL1	1.422611377	4.650243955	1.56E-32	1.08E-30
ALAS1	0.459031634	6.415570023	5.91E-08	5.32E-07
BIRC3	2.472791119	6.770280443	2.32E-67	5.93E-65
GCLM	0.752954239	6.23409513	1.35E-16	3.02E-15
EHD2	2.342642359	3.723548996	3.04E-51	4.95E-49
DEPDC1	-0.687598903	5.671330449	1.78E-11	2.46E-10
NR1H3	-0.757648929	3.386017421	3.52E-08	3.27E-07
NCAPH2	-0.535390854	4.483317687	1.14E-06	8.27E-06
TOMM34	0.72071681	6.993771247	2.34E-18	6.26E-17
VIM	1.246710474	9.749188202	8.15E-45	1.03E-42
FAS	0.762760773	5.787148853	1.31E-10	1.65E-09
CD44	0.789364041	8.334677993	6.50E-19	1.85E-17
HMGB3	-0.488372002	6.385762109	3.36E-09	3.56E-08
NUP160	-0.462574589	7.104619562	5.27E-08	4.78E-07
ARHGAP31	1.11077102	3.828634667	1.37E-11	1.93E-10
CENPQ	-0.781898599	3.353768498	3.27E-08	3.05E-07
CHPF2	0.527118958	5.312128917	1.75E-07	1.45E-06
GAB2	0.673375073	5.626403437	1.95E-09	2.12E-08
MAP2K3	0.999801636	6.810150235	5.29E-36	4.41E-34
TIMP2	0.678186078	8.973266129	2.29E-24	9.24E-23
TRIO	0.60292495	7.414645023	1.90E-07	1.56E-06
CDH1	0.631207364	5.890800569	4.18E-13	6.78E-12
FAM65A	0.771388099	6.468745652	1.32E-17	3.24E-16
PQLC2	0.891545745	4.043146009	4.28E-12	6.40E-11
CTNS	0.758422244	4.68920108	1.25E-08	1.22E-07
RTN4R	0.983968969	2.842054869	4.84E-09	5.04E-08
RAB27B	1.514614229	1.612256544	2.70E-09	2.90E-08
TNC	4.303691471	5.294051238	2.38E-175	1.14E-171
AIFM2	0.484388653	5.858050831	1.28E-07	1.10E-06
RETSAT	0.520911733	5.386839665	3.77E-08	3.48E-07
CAPG	1.150955694	6.764582117	4.15E-30	2.47E-28
HSPA5	0.620338887	9.236187902	1.14E-17	2.82E-16
MAP4	0.402357173	8.413056669	7.07E-08	6.27E-07
USP28	-0.409817247	6.49189743	4.73E-07	3.70E-06
HDAC9	2.335544769	2.11050522	2.65E-18	7.04E-17
TSPAN17	0.703227305	5.69078912	4.05E-15	8.20E-14
PER3	-0.83580005	3.246176571	1.15E-08	1.13E-07
TNFRSF9	2.91858695	4.916077775	7.54E-72	2.12E-69
RFC2	-0.64043731	5.681470715	1.07E-13	1.84E-12
SLC4A8	-1.445467699	4.274565025	1.19E-34	9.10E-33
BCAR1	0.756645032	5.530276097	1.91E-11	2.62E-10
HERPUD1	0.738036919	6.46072572	1.57E-18	4.30E-17
RAD51	-0.881084321	3.807805054	4.14E-12	6.20E-11
POLQ	-0.946840047	4.840829063	8.94E-14	1.56E-12
RRP12	0.495661167	6.097475918	6.30E-09	6.45E-08
MSMO1	1.215400148	6.468628802	9.79E-13	1.55E-11
FOXN3	-0.780057172	6.643553585	3.54E-18	9.27E-17
LAMA3	1.138349129	8.226691788	4.66E-54	8.15E-52
FOXC1	-0.507733578	5.15425605	1.59E-07	1.33E-06
SZRD1	0.418220297	7.407519284	2.57E-08	2.41E-07
KCNH2	1.287655425	5.689552839	6.33E-29	3.43E-27
CYFIP2	-0.757233377	4.858426975	3.74E-14	6.83E-13
MCOLN3	-0.935948031	5.60968421	3.43E-15	6.98E-14
TRAF1	1.189567324	5.44450968	4.73E-18	1.22E-16
IL17RB	-1.914492363	2.175063323	3.28E-20	1.00E-18
GYG2	-1.24799121	2.185094424	6.46E-10	7.51E-09
LAMC2	1.578296183	8.204722589	5.16E-75	1.61E-72
ATP2B4	2.616013298	5.212179831	1.20E-56	2.21E-54
FLYWCH1	0.73100435	5.582556399	1.91E-11	2.62E-10
MXD1	0.590291171	6.19601236	2.00E-08	1.90E-07
SLC2A3	-0.64024596	9.803221661	2.34E-12	3.57E-11
ACAA1	0.593692205	4.754581071	1.43E-07	1.21E-06
TNK2	0.717159859	6.759034052	6.70E-07	5.10E-06
LTK	1.765169588	1.617898167	3.54E-10	4.24E-09
ELMO2	0.495014253	5.709847353	8.55E-07	6.33E-06
VMP1	0.652764355	8.872606075	4.78E-14	8.66E-13
POLD1	-0.903665706	5.343036966	2.85E-20	8.78E-19
EIF4B	-0.422022663	8.701787553	9.03E-07	6.67E-06
CA11	-0.95042158	2.942967884	5.88E-10	6.88E-09
GPC1	0.64301349	6.87463849	1.11E-16	2.50E-15
CTSA	0.584672832	7.492836662	1.21E-14	2.32E-13
CNN2	-0.440829406	7.682963502	1.40E-08	1.36E-07
SLC9A3R2	1.222261484	5.276414114	2.11E-27	1.04E-25
NTHL1	0.791473349	3.72776957	8.04E-09	8.11E-08
MCM10	-1.094493329	4.76462922	5.17E-27	2.47E-25
PDIA5	0.577066231	4.90837421	9.34E-09	9.33E-08
MYLK	1.944535563	2.898707085	2.61E-24	1.05E-22
COL17A1	1.733303012	3.412235088	9.32E-25	3.86E-23
FAM107B	0.917352325	6.862180243	8.61E-20	2.59E-18
SLC9A7	0.520469508	6.366968166	1.35E-09	1.51E-08
DIP2B	0.531514306	7.080838334	7.20E-12	1.05E-10
NGEF	1.438054552	2.804079364	1.57E-14	2.96E-13
ASPM	-0.550931648	7.442842211	1.83E-13	3.09E-12
ELOVL1	1.123763481	6.086650123	3.67E-30	2.19E-28
FGFR2	-1.771644904	2.895575025	8.10E-28	4.10E-26
MSANTD3	0.786976427	6.331095184	7.41E-18	1.89E-16
PFKP	0.565812486	6.492610405	3.49E-11	4.63E-10
KLF6	1.923219769	8.837808926	1.50E-133	1.95E-130
NEO1	-0.523196079	6.354270585	5.37E-07	4.16E-06
PHKA1	-0.535022567	5.789725364	1.35E-07	1.15E-06
CACNB1	0.671752744	4.42275336	9.54E-07	7.01E-06
PRKCZ	1.379491717	6.121653462	8.59E-58	1.62E-55
NAV3	1.389930326	1.958106782	9.26E-07	6.82E-06
IDH3G	0.447547782	5.791692685	1.82E-07	1.51E-06
PDK3	-0.668564203	3.495000356	6.88E-07	5.21E-06
TFE3	0.698002852	6.858902815	1.16E-17	2.87E-16
FTSJ1	0.450147762	6.470417119	1.20E-06	8.65E-06
PPP2R5B	1.342551601	4.040939285	3.23E-24	1.29E-22
PITX1	0.474253217	6.279906881	6.98E-08	6.19E-07
MAST4	1.448274309	6.010895874	3.32E-34	2.45E-32
NUCKS1	-0.557887535	8.812268751	5.08E-15	1.02E-13
BCL3	1.316907728	2.431799191	8.84E-10	1.01E-08
GAL	0.636898004	5.095248413	1.38E-08	1.34E-07
RORA	-0.653442812	5.213713676	2.27E-10	2.76E-09
SPTB	-1.245023718	6.000860155	7.43E-18	1.89E-16
SLC44A1	-0.610214642	7.375741379	5.83E-14	1.04E-12
FSTL3	1.186940609	4.762206141	6.06E-24	2.36E-22
WIPI1	1.129714368	6.15234431	1.10E-24	4.54E-23
PTPN21	0.520063538	5.271208364	1.26E-07	1.07E-06
MAP4K4	0.735519177	8.52593959	6.75E-20	2.03E-18
WDR1	0.466126064	7.881401604	1.52E-10	1.90E-09
RPS6KA2	0.961361551	5.413867811	1.78E-19	5.25E-18
VASH1	-1.047079783	2.586763731	8.34E-09	8.39E-08
TRIB2	-1.242555029	5.393286058	6.84E-32	4.54E-30
FAM50A	0.486784148	6.986285331	4.50E-10	5.31E-09
MYO3B	-2.279059748	3.611434439	1.16E-60	2.44E-58
RDH11	0.600557239	6.696870134	1.68E-09	1.85E-08
ADGRL1	-0.794345641	5.326939966	4.91E-14	8.86E-13
ALDH3A2	-0.551757502	6.384861544	4.17E-12	6.24E-11
TFRC	0.593552056	9.127517233	3.76E-13	6.13E-12
SMC1A	-0.561209652	8.065950977	1.63E-12	2.51E-11
HMMR	-0.606123237	6.207652681	1.80E-10	2.22E-09
CHFR	0.685463906	5.008177901	7.44E-11	9.56E-10
P4HA2	1.063817197	7.185673356	5.03E-38	4.78E-36
STK10	0.585999767	6.13160633	3.35E-10	4.02E-09
CRMP1	0.568219808	6.390787407	1.31E-11	1.85E-10
MRVI1	-1.448296887	4.625089838	8.73E-31	5.42E-29
AP1M1	0.549964159	5.546442503	2.29E-08	2.16E-07
PVR	0.714008433	6.856045462	5.38E-21	1.74E-19
MCM2	-0.881282243	6.874824395	4.13E-27	1.99E-25
PANX2	0.996001681	3.394365872	4.75E-11	6.19E-10
PDE8A	0.583467826	6.94773572	1.77E-14	3.34E-13
ADAM11	-1.414147254	1.074730954	1.82E-07	1.50E-06
PICALM	0.627362744	8.266988982	1.07E-18	2.99E-17
TEAD2	-0.627392084	4.656999917	1.93E-09	2.11E-08
MGLL	2.229190038	6.505973767	1.42E-144	2.27E-141
SEMA3A	-2.213955598	4.329743175	1.38E-74	4.20E-72
CELSR1	0.559738196	5.652906945	2.10E-07	1.73E-06
SLC25A40	-0.515593939	5.618774088	7.46E-08	6.58E-07
RASAL2	0.711023454	5.879980371	8.05E-13	1.28E-11
MARK3	0.583225935	7.342738605	3.19E-16	6.95E-15
TMEM131	0.401882753	7.409013697	3.51E-07	2.80E-06
FSCN1	0.568010423	6.938056333	1.16E-12	1.81E-11
ACTB	0.57904344	11.84176446	4.17E-13	6.77E-12
KIFAP3	0.656385659	3.807525675	4.67E-07	3.66E-06
MCM6	-0.9932206	7.52169451	1.65E-21	5.57E-20
UNG	-1.373935227	5.755406988	4.88E-38	4.67E-36
SPAG5	-0.484525943	6.207912925	9.21E-07	6.79E-06
ACACB	-1.166405843	2.950462496	1.99E-11	2.72E-10
MCAM	0.54119782	7.000036278	3.66E-13	5.98E-12
MBNL3	-0.815655881	3.367026868	2.50E-09	2.70E-08
ARHGEF1	0.60575688	6.866494256	2.38E-11	3.21E-10
NFKB2	1.248599125	6.810169827	5.35E-48	7.75E-46
UBE2T	-0.875168123	4.365608362	3.73E-13	6.09E-12
DNAJC10	0.552900853	7.640408898	5.75E-12	8.49E-11
IL4R	0.961723317	4.170945093	4.07E-13	6.62E-12
EXOSC5	-0.608602355	4.247541199	4.27E-07	3.37E-06
JADE1	-0.511127715	5.100961302	3.71E-07	2.96E-06
CST7	0.694740493	6.951971217	1.81E-18	4.91E-17
LAMP3	0.758099204	5.942511017	2.92E-15	5.99E-14
NEBL	-0.448853504	6.777375631	4.38E-09	4.58E-08
TIGAR	0.637793759	4.518128224	1.14E-07	9.77E-07
FGF20	-0.797844222	3.305862771	8.25E-09	8.30E-08
ITCH	0.449521825	7.522888342	2.07E-08	1.96E-07
MYH7B	-3.338991959	4.877887327	7.84E-112	5.62E-109
TP73	-1.048370478	3.354634665	3.55E-13	5.85E-12
FKBP7	-0.920714537	2.173482342	1.06E-06	7.72E-06
SLC1A3	-2.884016548	2.246854247	5.54E-38	5.23E-36
CDC14A	-0.663161708	3.95607012	1.67E-07	1.39E-06
PTPRH	1.056992999	3.886729509	2.83E-16	6.19E-15
SLC35C2	0.480070728	6.037224674	1.10E-08	1.09E-07
RFX3	-0.842883202	3.28671082	5.90E-09	6.07E-08
COL5A3	1.063553885	2.300504894	1.02E-06	7.44E-06
RBL1	-0.670730003	5.456407155	4.05E-14	7.38E-13
DLGAP4	0.643466538	6.662957816	7.68E-13	1.22E-11
TCF7	0.526779369	7.047114852	1.67E-11	2.32E-10
ARG2	0.527899858	7.382036195	6.30E-07	4.82E-06
LRP2	-3.15078045	4.524074	3.28E-92	1.57E-89
PHLPP1	-1.174323356	3.940750562	3.79E-17	8.85E-16
NFE2L1	0.759924867	8.370499157	1.63E-28	8.68E-27
PDS5B	-0.469889279	6.832069771	4.64E-08	4.24E-07
CYLD	0.844430812	6.501367795	1.80E-23	6.78E-22
AGBL5	-0.440148124	5.484638108	5.64E-07	4.35E-06
EFR3B	-1.086261351	2.01655653	9.03E-08	7.90E-07
CD82	1.588938229	6.223324283	1.05E-45	1.37E-43
ATRX	-0.366424191	7.94406945	1.38E-07	1.17E-06
IGSF9	-1.939808606	0.65180424	1.36E-07	1.16E-06
ABCB1	-0.55141018	5.113821374	1.01E-07	8.83E-07
ORC1	-1.132006539	4.244573427	2.55E-13	4.25E-12
RAD54L	-0.776124472	3.996730295	5.04E-10	5.95E-09
B4GALT1	0.445555329	6.527436104	2.78E-08	2.61E-07
ITPKC	1.32602484	5.105448717	1.28E-35	1.04E-33
ERO1B	-0.541027147	4.340898919	6.74E-07	5.12E-06
PPP1R15A	1.503444214	8.092507279	2.31E-103	1.50E-100
ACHE	1.462623917	1.80939086	4.30E-07	3.39E-06
NLK	-0.671729896	6.671003605	1.21E-17	2.99E-16
LPCAT2	-0.795019485	7.865367518	3.70E-27	1.79E-25
TXNDC16	-0.946069659	3.606033438	3.14E-11	4.19E-10
GMCL1	-0.446983181	6.069882469	1.01E-07	8.83E-07
SMOX	0.912880429	4.526248195	2.03E-14	3.80E-13
C20orf194	0.507788349	5.553185868	8.03E-07	5.97E-06
KIZ	-0.554695919	8.296167604	2.32E-12	3.53E-11
SLC8B1	0.859052227	3.935797175	3.91E-11	5.15E-10
PXN	1.096049177	8.16733503	3.60E-46	4.92E-44
CHGB	0.536277648	6.632076609	5.70E-12	8.43E-11
FXYD5	0.762142088	6.553814194	1.88E-18	5.08E-17
GRAMD1A	0.628092196	5.558833897	6.29E-11	8.15E-10
SLC9A1	0.716927072	4.988822969	8.53E-13	1.35E-11
ICAM1	0.492929329	6.413284581	6.36E-08	5.68E-07
EFNB1	0.618389157	8.025049782	1.34E-13	2.30E-12
SLC26A4	0.993969429	5.723288341	5.50E-29	2.99E-27
ITGA6	0.841563883	9.448139685	3.40E-34	2.50E-32
CDV3	0.340843102	8.441443703	2.06E-07	1.69E-06
ORC6	-0.830716648	3.994253646	3.93E-12	5.90E-11
SLC7A8	-0.737440629	8.365367441	1.91E-25	8.23E-24
SEMA6A	1.360207979	1.804329258	7.12E-08	6.30E-07
WDR76	-1.115507294	3.713585365	2.20E-18	5.91E-17
EZR	1.008056961	8.814471996	3.10E-51	4.99E-49
MYL6	0.6129483	7.739470292	5.43E-08	4.91E-07
CLSPN	-0.736980453	4.887970322	1.81E-09	1.99E-08
RFFL	0.624538748	5.257498275	4.59E-07	3.60E-06
UNC13D	1.390999692	6.718308564	7.11E-34	5.15E-32
DPYSL2	-0.848603551	7.137835274	2.97E-21	9.74E-20
CDC45	-1.385463335	4.078750359	3.57E-28	1.86E-26
CDC6	-0.956536509	6.149039321	4.72E-29	2.58E-27
CBX5	-0.829691574	7.412604378	1.81E-18	4.90E-17
MSH2	-0.696420702	6.957648905	5.82E-19	1.67E-17
PTGS1	2.025172459	1.273168822	4.68E-12	6.96E-11
TBC1D2	1.44423408	5.548117258	2.01E-47	2.85E-45
DFNB31	1.039661456	2.018806076	8.73E-07	6.46E-06
BAMBI	-0.881253842	6.527715277	6.48E-14	1.15E-12
IL11	1.508100079	2.946684322	8.64E-16	1.84E-14
SMIM24	2.077092695	2.034632324	1.46E-15	3.06E-14
FKBP5	-0.481134012	6.083634411	7.43E-09	7.54E-08
JAK2	1.051684885	3.794662607	3.79E-13	6.16E-12
CDC7	-0.976780616	4.106867643	9.49E-16	2.01E-14
ABLIM1	-0.831601196	9.032098331	3.68E-23	1.36E-21
NRP1	1.889654299	7.908699284	1.13E-132	1.35E-129
KCNK6	0.756762415	5.40068067	3.71E-14	6.78E-13
02-mar	1.123482917	2.21361637	2.78E-08	2.61E-07
CDC34	0.449953166	5.885130169	3.44E-07	2.75E-06
MISP	1.201809217	6.621683719	3.30E-38	3.20E-36
MKNK2	0.476700344	7.779141833	3.27E-09	3.47E-08
RANBP1	-0.459278185	6.309997177	9.46E-08	8.26E-07
LZTR1	0.556045972	5.419530321	2.81E-07	2.27E-06
SLC7A4	1.050117757	3.155470194	7.32E-12	1.07E-10
SLC35E4	1.135168638	4.172027504	1.23E-19	3.66E-18
MICALL1	0.772255541	5.500699313	2.47E-14	4.57E-13
CENPM	-0.925585285	2.716745618	3.64E-08	3.37E-07
03-sep	-1.014771735	3.110214862	8.31E-09	8.36E-08
XBP1	0.600920451	6.657025333	4.06E-12	6.08E-11
JOSD1	0.476591525	7.078317642	4.83E-11	6.30E-10
CYB5R3	0.613936883	5.900254562	7.41E-12	1.08E-10
TOM1	0.757491581	4.435537561	1.61E-11	2.24E-10
BIK	2.343552926	6.066076023	5.76E-57	1.07E-54
HMOX1	1.94749981	3.962311622	1.31E-36	1.16E-34
MCM5	-1.002275231	5.861948891	4.59E-30	2.71E-28
CBX7	-0.603805897	4.554594326	6.82E-08	6.06E-07
PDGFB	0.591642168	6.246854132	1.08E-09	1.23E-08
SYNGR1	-0.707195103	4.064426499	1.67E-08	1.60E-07
MYH9	0.567612571	10.34757456	7.98E-12	1.16E-10
FOXRED2	-0.7157773	5.326992673	1.48E-13	2.53E-12
RANGAP1	0.439941602	7.339484506	4.54E-07	3.56E-06
ABHD4	0.614669449	4.514983336	1.10E-08	1.09E-07
KHNYN	0.463413603	7.021317262	6.97E-10	8.08E-09
GZMB	4.653254337	4.19116269	2.14E-105	1.46E-102
POLE2	-1.141631879	2.913311506	4.49E-13	7.27E-12
ATP6V1D	0.571049507	6.792236272	4.42E-08	4.05E-07
PLEK2	0.877482507	6.268898992	1.04E-11	1.48E-10
ISM2	-0.657822844	4.109372374	5.37E-08	4.86E-07
MTHFD1	-0.515531169	7.177477519	2.58E-11	3.48E-10
YY1	-0.46054292	7.760929506	1.70E-10	2.10E-09
NFKBIA	1.107353837	5.825637563	7.81E-21	2.49E-19
NFATC4	-1.370147694	2.957970741	2.00E-15	4.16E-14
PYGB	0.60274189	7.578725928	4.82E-18	1.24E-16
GINS1	-0.94876737	5.526241736	7.71E-27	3.65E-25
MYBL2	-1.101794114	5.282300067	8.65E-27	4.08E-25
NFATC2	0.693997709	5.409411265	1.00E-11	1.44E-10
BMP7	-0.700046527	6.262268396	1.44E-17	3.52E-16
TPD52L2	0.670359819	8.12264711	2.16E-20	6.68E-19
SLCO4A1	0.465200722	6.889549118	1.46E-08	1.41E-07
NTSR1	1.278314964	8.052044606	5.90E-56	1.06E-53
PTK6	0.983220614	6.881556337	9.55E-21	3.02E-19
ARFRP1	0.565687874	4.965152997	7.56E-07	5.66E-06
TRIB3	0.836345562	8.02483747	4.34E-31	2.74E-29
SNPH	-0.870640119	3.34111243	4.31E-07	3.40E-06
FERMT1	1.12313176	8.018819859	3.71E-52	6.12E-50
PLCB4	-0.742531562	5.236820594	3.56E-12	5.34E-11
E2F1	-1.270949972	4.999932686	4.06E-14	7.38E-13
CHMP4B	0.659501431	7.537473115	1.35E-14	2.58E-13
FAM83D	-0.5842676	6.080256107	1.72E-11	2.38E-10
DNTTIP1	2.175074187	8.827600602	1.06E-95	5.41E-93
LIPG	1.962675516	4.142931932	3.84E-49	5.68E-47
ATG4A	0.869333235	3.98239299	1.31E-08	1.28E-07
POLA1	-0.981238885	6.260822901	5.50E-28	2.82E-26
MOSPD1	0.741609533	7.772355016	1.44E-08	1.40E-07
WDR13	0.580432239	5.990564374	9.59E-12	1.38E-10
STAG2	-0.438586507	8.302251606	8.75E-10	1.00E-08
ATP11C	-0.851394833	6.771867458	9.78E-29	5.24E-27
PLP2	0.637470526	8.163445292	3.44E-13	5.68E-12
ELF4	0.629864799	6.231266311	1.68E-11	2.33E-10
RBBP7	-0.396049005	8.125662909	8.23E-07	6.11E-06
FGD1	1.267717679	2.749282091	7.00E-12	1.03E-10
PORCN	1.181883036	4.461761177	2.38E-19	6.95E-18
CAB39L	-0.529800918	6.129246429	1.79E-10	2.21E-09
KLF5	0.645269213	7.881174733	1.41E-21	4.76E-20
DNAJC3	0.478149327	6.757934599	2.60E-08	2.45E-07
RGCC	-1.005954784	5.186299042	1.73E-25	7.49E-24
LYRM1	-0.789143882	5.295829275	1.10E-11	1.57E-10
ARL2BP	0.65131022	5.895797632	8.23E-12	1.19E-10
USB1	0.502617531	5.419113214	3.43E-07	2.74E-06
SLC38A7	0.573659633	5.095471573	9.63E-07	7.07E-06
HAS3	-1.36154138	2.985995331	1.67E-17	4.07E-16
SLC7A5	-0.568793003	8.803042078	1.64E-10	2.04E-09
STX4	0.533586025	5.605474155	9.90E-09	9.85E-08
LACTB	1.325693511	4.331050433	9.06E-25	3.75E-23
CORO2B	1.648660348	3.87461263	2.11E-27	1.04E-25
TRIP4	0.578310393	4.621967944	3.79E-07	3.01E-06
IGDCC4	0.715093734	3.500405125	7.48E-07	5.61E-06
CD276	0.856223446	6.20030751	5.13E-18	1.32E-16
CEMIP	-1.321721481	4.950507339	9.36E-33	6.55E-31
EHD4	0.520361773	7.155072134	1.35E-10	1.69E-09
BMF	-1.390238193	4.067997835	3.45E-31	2.21E-29
OIP5	-0.866316675	3.024423875	3.58E-09	3.78E-08
TRIM35	0.552455062	4.706153956	5.09E-07	3.96E-06
FZD3	-0.516503162	5.536523646	1.81E-07	1.50E-06
PLAT	1.680234071	2.880654285	2.57E-17	6.12E-16
DKK4	-1.990389398	2.590555548	3.34E-31	2.15E-29
GDAP1	0.536424744	5.452919456	1.08E-08	1.07E-07
NDRG1	1.781787588	7.627365353	2.49E-58	4.77E-56
NCALD	-2.026675225	1.277108545	1.04E-14	2.02E-13
SQLE	0.909806581	6.959111922	6.57E-23	2.40E-21
TNFRSF10A	0.524676046	5.873028868	5.11E-09	5.29E-08
PPP2CB	0.607555299	6.200843593	2.12E-09	2.31E-08
MCM4	-1.105946462	7.983367406	2.19E-34	1.64E-32
KCNN4	1.843165834	4.972323187	9.26E-61	1.98E-58
RELB	1.502548806	5.201691228	2.62E-40	2.80E-38
FCGRT	-0.610614986	4.513969656	8.50E-07	6.30E-06
PPP1R13L	0.585494683	5.975675132	1.72E-08	1.65E-07
KLC3	0.864999967	3.367138544	7.98E-09	8.06E-08
IL4I1	3.496043312	1.612057531	3.07E-10	3.69E-09
SNAPC2	0.7112912	3.650892276	3.40E-07	2.72E-06
ASF1B	-0.993058625	4.86474807	2.60E-22	9.25E-21
SLC1A5	-0.369263973	10.56814544	7.94E-08	6.99E-07
APLP1	-1.007323724	2.200556235	5.98E-08	5.37E-07
BBC3	0.687204373	4.771409795	8.31E-10	9.53E-09
DENND3	0.918334692	4.959991242	1.08E-12	1.70E-11
PLIN3	0.595238023	5.806642064	1.50E-11	2.10E-10
ETFB	-0.736828754	5.646682661	2.75E-15	5.65E-14
ATP1A3	-0.45500482	5.471655526	1.27E-06	9.12E-06
LIG1	-1.140510079	5.4134263	2.73E-32	1.86E-30
SIGLEC6	-2.245029511	1.023817133	4.11E-14	7.47E-13
PLA2G4C	3.182561714	3.181746464	3.26E-38	3.18E-36
RAB3D	0.781246735	3.914831575	6.63E-07	5.05E-06
DBP	-1.21744093	2.775200667	9.32E-14	1.62E-12
PLPPR2	0.913268312	2.384046745	6.71E-07	5.10E-06
PPP2R1A	0.41832756	7.47664992	1.07E-08	1.06E-07
ARRDC2	0.595512796	4.746699588	2.55E-07	2.07E-06
LSR	0.46070937	7.420583636	7.50E-11	9.63E-10
CADM4	-0.619242155	3.706888906	7.69E-07	5.75E-06
NAMPT	0.640452548	7.837049955	6.51E-11	8.42E-10
SP4	-0.699037842	4.256419906	7.26E-09	7.38E-08
OGDH	0.49238353	7.493551897	1.43E-12	2.22E-11
ADAP1	0.889302755	4.598977763	5.12E-15	1.03E-13
H2AFV	-0.617490519	7.173645298	1.08E-15	2.27E-14
CAV2	1.062664217	5.976523345	6.81E-24	2.64E-22
CAV1	1.055080758	4.81452421	1.37E-18	3.77E-17
MET	1.774538447	7.692319187	1.53E-132	1.69E-129
NHP2P1	1.470229159	0.998233182	1.54E-08	1.49E-07
TSPAN12	-0.839891228	3.660851386	2.65E-10	3.21E-09
CPED1	-1.759973582	0.964159987	4.11E-10	4.87E-09
TAX1BP1	0.503882849	7.980167043	7.15E-11	9.20E-10
CHN2	-1.072467924	1.978995116	3.26E-07	2.62E-06
GRB10	0.894835452	6.740905829	4.56E-31	2.87E-29
STX1A	1.363175756	6.722098848	2.64E-37	2.41E-35
GARS	0.605949542	9.36998951	6.15E-17	1.42E-15
HSPB1	-0.430479187	6.159402173	1.00E-06	7.34E-06
NPTX2	-1.219546293	3.005272887	5.45E-13	8.73E-12
SERPINE1	1.431421609	9.070570049	2.42E-62	5.51E-60
RPA3	-0.571649442	5.272111315	2.14E-08	2.03E-07
TMEM106B	0.572010732	7.597393145	1.74E-07	1.45E-06
EZH2	-0.636066544	6.139931294	9.05E-12	1.30E-10
RARRES2	-1.366646731	1.621602311	1.47E-09	1.63E-08
GLI3	-1.005613094	7.990034321	1.26E-16	2.83E-15
URGCP	0.445480257	5.887560996	4.00E-07	3.17E-06
PRKAG2	0.559822947	5.116718234	1.70E-08	1.63E-07
YKT6	0.528694858	7.418693897	1.01E-10	1.27E-09
CLIP2	0.829345324	6.803215757	8.80E-14	1.54E-12
FSD1L	0.709195881	5.373899762	1.41E-14	2.67E-13
C5	-1.763690144	1.874148637	6.72E-17	1.54E-15
TLE4	-0.639621343	4.493282118	3.57E-08	3.31E-07
DNM1	-0.535598238	5.497877374	1.90E-08	1.81E-07
DOCK8	-1.037744864	2.591227437	1.65E-09	1.82E-08
NCS1	0.522232406	6.045356621	5.89E-10	6.89E-09
TESK1	0.48726782	5.209521155	6.30E-07	4.82E-06
DDX58	1.255098652	3.518890087	9.06E-15	1.76E-13
EDF1	0.432562187	6.64863751	3.73E-07	2.97E-06
GLIS3	1.357042962	2.128828715	1.08E-09	1.22E-08
RAPGEF1	0.384402775	6.688794584	9.44E-07	6.93E-06
DVL1	0.732297312	7.104863372	8.34E-18	2.11E-16
CCNJ	0.620964282	4.629313949	4.68E-07	3.67E-06
DNMBP	0.568314458	5.809945033	3.00E-09	3.20E-08
PALD1	-0.787903525	6.361106437	1.28E-14	2.45E-13
CCSER2	0.510142098	6.505853353	3.63E-10	4.33E-09
KAZALD1	-0.994453463	4.282975351	4.50E-18	1.16E-16
ARHGAP21	0.45299837	6.199984029	1.45E-07	1.22E-06
PITRM1	0.546268905	5.969633866	2.16E-10	2.64E-09
OBFC1	0.726885833	4.310730668	4.39E-08	4.02E-07
DKK1	2.365589328	4.389990127	9.26E-39	9.16E-37
TFAM	-0.487922176	6.720790736	2.32E-07	1.89E-06
ZMIZ1	0.889460619	6.277017529	1.22E-21	4.15E-20
PPIF	0.904439259	7.733078375	5.59E-30	3.24E-28
RUNDC3A	0.685170306	6.288193828	5.25E-17	1.22E-15
UBTF	-0.572548322	6.671434717	1.38E-12	2.15E-11
RAPGEFL1	-1.010648838	2.815093812	1.84E-09	2.02E-08
RNF43	-0.770488033	6.427009454	4.47E-13	7.24E-12
RAD51C	-0.513437885	5.218249315	1.82E-07	1.50E-06
CAMTA2	0.629661778	6.180184322	6.55E-11	8.45E-10
ALDH3A1	-1.302828834	3.105124274	2.91E-17	6.90E-16
SYNGR2	0.757994047	6.378871381	4.37E-15	8.83E-14
CNTNAP1	0.983089893	2.873911919	9.64E-07	7.07E-06
VAT1	0.68031284	8.393082311	3.02E-20	9.24E-19
LRRC59	0.426019354	8.168526897	1.48E-09	1.65E-08
ALOX12	2.788094248	-0.000407136	5.24E-07	4.07E-06
ABCC3	0.725419926	6.971403002	6.04E-13	9.65E-12
MPP2	-1.123067176	2.60019536	3.06E-11	4.10E-10
DUSP3	0.735614924	7.018747757	8.04E-24	3.09E-22
EFNB3	-0.674211207	3.944574282	4.69E-08	4.28E-07
WSB1	1.04502393	6.808550209	8.18E-19	2.29E-17
TNFAIP1	0.926774675	6.92570712	1.09E-32	7.56E-31
TMEM97	-0.695118387	5.760869325	7.34E-14	1.30E-12
CDR2L	0.713729305	4.594628315	2.05E-10	2.51E-09
PMP22	0.5112294	6.251849042	3.48E-07	2.78E-06
INPP4B	-0.735358174	4.213139662	4.17E-08	3.83E-07
WFS1	-0.557789733	6.749087725	1.64E-10	2.04E-09
TRIM2	-0.649678053	8.490293498	3.93E-17	9.15E-16
NEIL3	-0.900130187	3.336708371	1.22E-10	1.53E-09
MFSD10	0.717326744	5.565794324	2.25E-07	1.83E-06
KLF3	0.589630723	6.659634112	5.93E-12	8.74E-11
KLHL5	-0.750652687	7.334637858	1.29E-14	2.47E-13
NCAPG	-0.606507794	6.140772691	7.68E-08	6.77E-07
CTSC	-0.572435398	5.445574004	3.77E-09	3.97E-08
CCDC34	-0.699472282	3.793246171	1.74E-07	1.44E-06
SC5D	0.678189346	6.07743807	1.81E-09	1.99E-08
ATG2A	0.770435452	6.302903807	5.82E-11	7.55E-10
EHD1	1.037230082	6.687922153	4.26E-36	3.62E-34
ST3GAL4	0.552422202	5.114708187	1.44E-07	1.21E-06
CCND1	-0.627550051	11.00965063	7.72E-16	1.65E-14
PANX1	0.497685159	5.674585873	1.85E-07	1.53E-06
IL10RA	1.639363951	1.344248888	1.21E-07	1.04E-06
BIRC2	0.530722303	6.702711095	2.71E-07	2.19E-06
SLC1A2	-2.605728279	2.436824673	3.31E-39	3.36E-37
C11orf21	-1.320824863	1.600784331	7.49E-09	7.59E-08
PRDM4	0.527625237	6.091657169	1.78E-10	2.19E-09
CAPRIN2	0.839385859	6.687694609	5.72E-15	1.15E-13
IL23A	1.790828994	4.520639097	9.93E-35	7.66E-33
TNS2	-1.01363703	4.600852097	3.64E-17	8.54E-16
PPM1H	-0.495717488	5.587157858	4.75E-08	4.33E-07
ELK3	0.669061557	7.782567206	2.24E-20	6.93E-19
FOXM1	-0.425287077	7.1075187	1.29E-06	9.23E-06
RAD51AP1	-0.984157555	4.947070928	1.10E-21	3.74E-20
NUP107	-0.522603798	6.171537219	2.47E-09	2.67E-08
TIMELESS	-0.953599362	6.462338766	1.38E-26	6.46E-25
CPSF6	-0.496617906	7.031798008	3.05E-08	2.85E-07
CHD4	-0.384781463	9.409573863	2.49E-07	2.02E-06
LDHB	-0.437538984	9.437822319	4.07E-08	3.74E-07
C2CD5	-0.553359733	7.104882723	1.18E-12	1.85E-11
NA	-1.118524542	2.087612535	1.23E-07	1.05E-06
NEDD9	-0.464568113	6.819571943	2.37E-09	2.56E-08
PPARD	0.613064473	7.015862785	3.84E-11	5.06E-10
MCM3	-1.083412176	7.31453093	1.26E-34	9.58E-33
ICK	-0.607077828	4.509256947	6.68E-08	5.94E-07
BACH2	0.93178207	3.135620809	4.55E-09	4.75E-08
TREML2	1.181887217	6.298222391	2.37E-31	1.54E-29
ALDH5A1	-0.668285531	4.779842018	5.70E-11	7.41E-10
C6orf62	0.339987097	8.171320382	1.04E-06	7.59E-06
GMNN	-0.62881118	4.834894695	6.39E-08	5.71E-07
SLC16A10	-1.917563158	3.818661919	7.32E-48	1.05E-45
MDFI	0.608330076	4.345427454	1.03E-07	8.94E-07
PTK7	-0.495020636	6.324547241	1.95E-07	1.60E-06
VEGFA	0.548227776	5.893537666	9.05E-10	1.03E-08
TTK	-0.469655856	6.283315158	3.39E-07	2.72E-06
HMGCS1	1.495489213	6.897206921	3.46E-52	5.78E-50
DAP	0.701562816	7.509061192	4.34E-22	1.50E-20
KIF20A	-0.664678086	5.765653374	6.96E-14	1.24E-12
NNT	-0.538953419	6.518112062	2.14E-11	2.92E-10
HBEGF	1.630376964	4.044531736	2.48E-33	1.76E-31
HMGCR	0.644466292	6.712914807	6.95E-15	1.38E-13
LMNB1	-0.645194724	7.061667699	7.33E-19	2.07E-17
ARRDC3	0.715442704	5.667444899	1.62E-10	2.02E-09
PDE4D	-1.106288522	8.340215872	3.03E-43	3.53E-41
NUP155	-0.460160905	6.701689281	2.40E-09	2.59E-08
STC2	1.123630865	8.551575296	1.42E-30	8.71E-29
CPEB4	1.129420386	5.944271485	4.83E-33	3.41E-31
DBN1	0.475922036	7.598714286	1.16E-07	1.00E-06
UNC5A	1.080853135	3.798624675	8.14E-15	1.59E-13
SMC4	-0.572328667	8.580399978	9.47E-18	2.38E-16
RBP1	0.724697893	9.18779249	3.33E-13	5.49E-12
TFDP2	-0.960860555	6.185875237	5.56E-30	3.23E-28
PFKFB4	0.559295681	4.404263176	5.91E-07	4.54E-06
C3orf52	0.831987777	5.246308939	2.37E-17	5.68E-16
FRMD4B	-1.094098525	3.432312582	9.05E-16	1.93E-14
KLHL18	0.662673218	4.930045413	8.78E-11	1.12E-09
MAPKAPK3	0.855500117	7.604508113	4.43E-22	1.53E-20
KLHL24	-0.487204243	6.461566449	1.13E-08	1.11E-07
VIPR1	-0.997341148	3.640597529	2.64E-11	3.54E-10
TNNC1	-1.641300393	1.518474366	2.22E-11	3.02E-10
SLC4A3	0.751832475	4.775962641	5.79E-07	4.46E-06
ACTR1B	0.570955533	6.513900597	1.64E-09	1.82E-08
ACTR3	0.487925879	8.891734506	3.42E-07	2.74E-06
GPD2	-0.645067151	6.227957165	4.20E-16	9.12E-15
ACVR1	0.511538166	5.496095311	5.15E-07	4.01E-06
ITGB6	1.030302337	5.682719745	1.16E-29	6.59E-28
IFIH1	0.514745384	5.763420275	6.92E-09	7.05E-08
CLIP4	1.027862431	4.574355853	5.55E-14	9.97E-13
RTN4	0.89171671	8.728608814	2.25E-34	1.68E-32
HTRA2	0.502159681	5.47875127	1.17E-07	1.00E-06
LOXL3	-1.063753951	2.812909032	1.74E-10	2.15E-09
EVA1A	0.908984741	3.777546016	1.36E-09	1.52E-08
FANCL	-0.845721014	4.712121834	1.02E-15	2.15E-14
STAT1	-0.492435435	7.179826156	1.86E-09	2.03E-08
SLC9A2	1.699451626	4.454421369	2.16E-27	1.06E-25
FHL2	0.641404549	6.286673014	4.35E-09	4.55E-08
MLPH	1.413507231	3.411125745	5.90E-19	1.69E-17
PASK	-0.79125442	4.485312866	2.13E-07	1.75E-06
ID2	-1.128604825	6.343455835	1.86E-27	9.25E-26
HPCAL1	0.897146983	6.987121505	2.16E-22	7.69E-21
PLEKHB2	0.542327994	7.91057292	3.17E-10	3.81E-09
RND3	0.556399322	5.623031057	8.16E-09	8.23E-08
AAK1	0.67315573	6.829413387	4.63E-13	7.46E-12
EPAS1	-0.903821532	9.583204582	2.28E-36	1.96E-34
MSH6	-0.625328451	7.470669606	1.91E-19	5.60E-18
PARD3B	-0.73507013	5.07944492	4.51E-13	7.28E-12
PRRX1	-1.007051693	5.244341723	1.09E-25	4.77E-24
CHD5	1.286888187	2.362777726	4.61E-11	6.03E-10
ERRFI1	1.054254568	7.20016934	4.34E-31	2.74E-29
HDAC1	-0.388350972	6.765867533	8.64E-07	6.40E-06
RNF19B	0.869331222	4.422127702	3.19E-12	4.81E-11
ARHGEF2	0.955280334	6.983016641	4.43E-35	3.47E-33
C1orf21	-1.123345222	3.132891423	1.66E-12	2.55E-11
NCF2	1.276343176	1.850692695	8.97E-08	7.86E-07
PLA2G4A	-1.462359367	1.003611694	1.68E-07	1.40E-06
GADD45A	0.501650103	5.733536008	1.44E-08	1.40E-07
WLS	-0.454540136	6.15020054	1.49E-08	1.45E-07
CD58	0.643396058	5.174259228	1.19E-09	1.33E-08
TTF2	-0.552089192	6.18926787	2.77E-10	3.34E-09
KIF21B	1.132601271	5.027031785	6.75E-21	2.18E-19
MAP7D1	0.786255984	6.180608655	5.56E-14	9.97E-13
RRAGC	0.856680499	4.926953881	2.32E-17	5.58E-16
NID1	-1.022424009	3.722238251	9.31E-13	1.47E-11
LGALS8	-0.428078776	7.639713839	1.02E-09	1.16E-08
SIPA1L2	-1.057968942	3.872292511	1.11E-17	2.75E-16
ETV3	-0.414181084	6.886137366	1.55E-07	1.30E-06
UAP1	0.745309653	6.244521015	1.97E-15	4.10E-14
GBP3	1.122643723	4.636465172	1.16E-22	4.19E-21
ECE1	0.984621102	8.022519401	3.20E-37	2.89E-35
CR2	-1.409906699	1.103393893	1.94E-07	1.59E-06
CD46	-0.54647265	8.492614561	1.36E-11	1.91E-10
TSPAN1	1.115547391	5.53838083	3.84E-23	1.42E-21
BLZF1	0.928244965	4.646707978	1.44E-17	3.52E-16
IRF6	0.515740753	5.078499491	1.24E-06	8.92E-06
PLPPR4	-0.95804995	3.411495143	2.07E-12	3.16E-11
PROX1	-0.900455295	6.008946702	4.19E-22	1.46E-20
CENPF	-0.412991336	8.227620586	1.66E-07	1.38E-06
COLEC11	-1.001018568	2.285799565	5.68E-08	5.12E-07
SLC8A2	-1.11753393	2.14723058	6.08E-08	5.45E-07
KLF7	1.086053421	6.023475762	5.43E-25	2.29E-23
TNFAIP3	2.362916582	4.381675515	8.84E-38	8.29E-36
MYB	-1.444816359	2.280546023	7.81E-13	1.24E-11
SGK1	1.539019267	3.860933884	1.06E-20	3.36E-19
CTGF	-1.730339479	2.301120484	3.32E-18	8.76E-17
TGIF2	-0.592142461	5.662199121	2.49E-08	2.35E-07
KLF12	-0.537520159	6.032940402	1.55E-08	1.50E-07
HS1BP3	0.436402518	5.631686594	7.29E-07	5.48E-06
NEK6	0.448917646	5.855841622	4.81E-07	3.76E-06
LTBP2	-1.039058331	4.415699048	1.87E-17	4.55E-16
TGFB3	-1.837984711	1.005349965	7.93E-10	9.14E-09
ALDH6A1	-0.448274661	5.497469309	7.09E-07	5.35E-06
RHOQ	0.570234502	6.186814709	3.09E-11	4.13E-10
DNMT3A	-0.539644433	5.356508671	1.10E-06	7.95E-06
FAM98A	0.411499737	6.734099934	1.58E-07	1.33E-06
BCL11A	-0.995137039	2.717068042	1.74E-07	1.45E-06
HELLS	-1.519272276	6.201409168	2.74E-38	2.69E-36
CD274	1.733513858	1.180577649	4.01E-08	3.70E-07
PLEKHG1	2.295927389	2.464120335	1.24E-26	5.84E-25
CYSTM1	0.963044718	6.323361136	5.70E-25	2.40E-23
KCNJ5	-1.107470161	6.65691565	8.27E-36	6.78E-34
CCDC77	-0.6740199	4.287814548	3.07E-09	3.27E-08
KBTBD7	-0.663792227	4.154055298	3.57E-08	3.31E-07
SIL1	0.582922325	4.205986744	1.10E-06	8.00E-06
UTP20	-0.529781753	6.472629767	8.57E-10	9.81E-09
TMPO	-0.615789929	7.574492081	5.62E-12	8.31E-11
TNFRSF10B	0.390143637	7.154257027	7.14E-08	6.31E-07
PDLIM2	1.300637082	3.748830681	3.74E-19	1.08E-17
ZNF706	0.532702765	5.789994839	3.95E-09	4.15E-08
TRIM25	0.802875943	8.097884593	8.19E-32	5.41E-30
NCAPH	-0.749387419	5.687612574	1.25E-14	2.39E-13
ADCY7	0.63913815	4.311507732	6.06E-08	5.43E-07
PYROXD1	0.762870565	3.58518382	1.86E-08	1.77E-07
KCNJ8	-2.60276886	2.25519605	2.74E-37	2.49E-35
KIF18A	-0.853463332	5.383952593	2.88E-18	7.63E-17
DEPDC7	-0.901478607	6.312090164	5.59E-22	1.93E-20
CAT	-0.634016177	5.044097313	1.54E-08	1.49E-07
TNFSF10	-1.323046934	3.777700758	2.59E-22	9.23E-21
CSMD2	2.443945006	0.333331668	6.94E-07	5.25E-06
GPSM2	-0.356477241	8.099465593	9.20E-07	6.79E-06
ZRANB3	-0.690970702	3.901819359	6.24E-09	6.40E-08
ANXA11	0.441130017	7.233297283	3.76E-09	3.96E-08
ZMIZ2	0.603516601	7.596013457	9.90E-09	9.85E-08
EEPD1	-0.895798328	5.386676425	4.26E-23	1.57E-21
CBX3	-0.41347858	8.581184936	1.12E-09	1.26E-08
HNRNPA2B1	-0.382307018	10.21121077	1.77E-08	1.70E-07
PHF24	1.163433924	1.917723336	4.82E-07	3.77E-06
PLAU	3.045867482	5.535723697	1.40E-91	6.49E-89
CHST3	0.792119488	4.198269093	4.63E-11	6.05E-10
ZWINT	-1.054831729	4.817206094	2.60E-21	8.55E-20
CDKN2C	-0.951866068	2.381504882	7.89E-07	5.88E-06
ADGRE5	0.504743912	6.666162842	6.60E-10	7.66E-09
GIPC1	0.656306482	6.028627271	2.00E-15	4.16E-14
CENPK	-0.792757498	4.417230265	6.22E-13	9.94E-12
OPTN	0.889801233	7.652175875	3.20E-26	1.46E-24
CDK2	-0.452236401	6.256425127	7.96E-08	7.01E-07
NFE2	-1.775784562	2.441980207	1.63E-19	4.82E-18
STIL	-0.514947378	5.309518136	1.77E-08	1.70E-07
G0S2	1.660576271	1.97286371	1.81E-07	1.50E-06
PFKFB2	0.434871172	6.700606333	3.17E-08	2.96E-07
CHPF	0.703311113	6.677686758	1.05E-14	2.02E-13
SNX21	1.065404716	3.433216864	1.53E-11	2.14E-10
WFDC3	1.70354145	3.988651024	1.17E-29	6.59E-28
SDC4	1.212921659	8.474490313	7.72E-40	8.08E-38
TOX2	0.700249264	4.246667527	9.82E-09	9.79E-08
SRSF6	-0.339025297	7.843430586	5.62E-07	4.34E-06
ZNFX1	0.530837404	6.71941253	1.00E-08	9.96E-08
RAB22A	0.578272296	7.402660054	1.17E-08	1.15E-07
PPP4R1L	0.813398742	4.339748395	1.66E-11	2.31E-10
PMEPA1	0.603755232	7.344838786	2.37E-13	3.96E-12
NAGK	0.519312796	5.314298624	1.25E-07	1.07E-06
PAIP2B	-0.652845307	4.944192387	1.02E-11	1.46E-10
PRICKLE4	-1.001673191	2.752759532	4.49E-08	4.11E-07
CDKN1A	1.460549638	6.812771697	1.76E-58	3.47E-56
SOX4	-0.414392741	5.949143075	9.41E-07	6.92E-06
DEK	-0.39928358	8.671733801	1.61E-08	1.55E-07
RUNX2	-0.5285003	7.769079619	6.19E-09	6.36E-08
LRRFIP1	0.6996686	7.926954269	5.32E-20	1.61E-18
MYRF	0.8514781	3.959381987	3.38E-11	4.49E-10
AHNAK	1.193053155	11.88126224	4.21E-26	1.91E-24
SH3TC1	0.687197048	5.032318504	1.74E-08	1.67E-07
MT2A	0.548144552	6.955014372	2.12E-11	2.89E-10
EFNB2	0.956421581	5.095685025	2.25E-19	6.59E-18
IRF1	0.510631927	5.785863744	5.09E-08	4.63E-07
BMP4	-0.41009026	7.871369404	5.99E-08	5.38E-07
NT5C	0.78462767	4.395902661	8.49E-12	1.23E-10
GTF3C4	-0.379400674	7.232806361	3.38E-07	2.71E-06
PPDPF	0.559131934	6.827336725	3.48E-11	4.61E-10
PAX8	0.616549272	4.456561251	8.08E-08	7.11E-07
C3	2.528967838	4.576011563	9.70E-34	6.96E-32
FOSB	1.074316834	4.226957722	1.58E-12	2.44E-11
RTN2	0.890888644	5.624355698	2.93E-22	1.04E-20
EML2	0.673279253	5.735715454	1.03E-12	1.63E-11
VASP	0.699261596	7.386977645	1.88E-17	4.55E-16
GPCPD1	1.154726376	4.853465659	5.74E-27	2.74E-25
DTD1	0.52545843	5.894721106	1.83E-07	1.51E-06
RBCK1	0.977422212	7.369961796	1.46E-35	1.17E-33
TMX4	-0.735405627	5.860374729	6.83E-15	1.36E-13
MGME1	-0.556556459	5.514403877	8.64E-10	9.89E-09
MCM8	-0.850363896	5.997854189	4.17E-22	1.46E-20
ID1	1.364787937	1.661973474	1.79E-08	1.71E-07
MMP24-AS1	0.780548804	4.605857196	3.15E-12	4.75E-11
AMOT	-0.692936556	6.871874665	1.17E-18	3.24E-17
HECTD3	0.657532683	5.482886894	1.08E-12	1.69E-11
KLC1	0.625592756	5.758646993	1.50E-08	1.45E-07
XRCC3	-0.879339395	4.413764256	1.22E-15	2.56E-14
LRFN3	0.702894734	4.079932541	9.27E-09	9.28E-08
CAPNS1	0.446181752	8.228281182	6.43E-09	6.57E-08
THRA	-0.459504688	5.339388629	8.38E-07	6.22E-06
CCR7	1.343337282	4.794306902	7.22E-28	3.67E-26
RRAS	1.16175684	4.373938642	3.75E-17	8.77E-16
ASL	1.120089482	4.356033751	7.52E-21	2.42E-19
SBDS	0.632966663	7.47132214	1.65E-10	2.05E-09
AIF1L	-1.017513127	6.386530702	4.29E-30	2.55E-28
KLF2	2.38419355	5.090114353	3.91E-89	1.65E-86
SYNGR3	1.705639192	2.924886384	3.11E-17	7.37E-16
TICAM1	0.973525103	4.418777955	8.39E-14	1.47E-12
TNFRSF19	-0.9968141	4.991108613	1.64E-24	6.68E-23
PTPN12	0.450060224	8.275191042	4.72E-11	6.16E-10
POR	0.641486099	6.533054205	1.14E-16	2.58E-15
GNAI1	-0.993965371	5.003968983	3.84E-25	1.63E-23
ZFP36	1.205809164	5.300898448	1.20E-21	4.09E-20
RASL11B	-1.003810391	2.080804253	4.92E-07	3.84E-06
PAICS	-0.593057729	7.419322827	1.21E-16	2.72E-15
ADM2	0.681681538	4.76522024	8.81E-11	1.13E-09
YWHAH	0.856380404	7.139007282	3.30E-28	1.73E-26
RAC2	1.35743543	4.608492517	1.20E-24	4.93E-23
LIF	0.762251427	8.164989447	6.46E-10	7.51E-09
DOCK4	-0.866323519	6.905002191	8.95E-25	3.72E-23
PODXL	-0.494160022	6.856042667	7.64E-10	8.82E-09
STRIP2	0.697383001	4.44334977	2.51E-09	2.71E-08
DNAJB9	0.611607296	4.603182497	1.05E-06	7.64E-06
FLNC	3.105804562	5.334482019	3.29E-112	2.48E-109
SMO	-1.063214654	2.459761832	8.22E-10	9.43E-09
IRF5	0.664397399	4.830561805	4.47E-09	4.67E-08
PDE11A	-1.435200989	1.259394976	1.84E-07	1.52E-06
GAD1	-0.640849145	6.05895998	3.43E-08	3.19E-07
TWSG1	-0.478710063	6.149433159	5.27E-08	4.78E-07
MYO5C	-0.508005314	6.586538926	2.90E-09	3.10E-08
DUT	-0.816511703	6.259419836	2.62E-17	6.24E-16
CHAC1	0.949466157	3.207288595	1.37E-10	1.71E-09
KCNC1	-1.131283587	1.700857276	9.79E-07	7.18E-06
E2F8	-0.921197343	3.610997799	6.00E-12	8.83E-11
PUS7L	-0.447761727	6.451068356	1.90E-07	1.57E-06
SLC44A2	1.142364118	5.29690419	1.74E-31	1.13E-29
KLK10	0.892062884	4.658811627	1.52E-15	3.18E-14
EGLN3	-0.813679823	3.044448976	7.81E-08	6.88E-07
MIS18BP1	-0.596559391	6.037751485	6.09E-12	8.96E-11
TEP1	0.664267379	5.870180045	6.33E-10	7.38E-09
RHBDF2	0.552306764	6.525244694	2.17E-10	2.65E-09
FGF13	-1.146507441	3.046828091	7.96E-14	1.40E-12
GAMT	-1.333760242	1.21090888	4.92E-07	3.84E-06
LDLR	0.944259398	7.965389818	5.95E-40	6.32E-38
CDC16	0.518871155	6.44122089	9.96E-09	9.91E-08
SNX9	0.725001627	8.40064845	2.22E-17	5.35E-16
ARPC1B	0.749687428	7.102611646	3.68E-21	1.20E-19
MAP1S	0.660015431	5.164291808	1.91E-11	2.62E-10
JUND	0.9174328	6.41154865	9.99E-18	2.50E-16
TRPM4	1.146594988	4.083834809	2.70E-16	5.92E-15
HELZ2	1.360967855	6.373104209	2.11E-44	2.61E-42
CEP85	0.459662102	5.837164418	1.28E-06	9.17E-06
ADRM1	0.433290351	6.68472819	2.86E-08	2.68E-07
TRIM28	-0.341072655	8.01383757	5.42E-07	4.19E-06
GMFG	-1.426763765	1.470195299	6.27E-10	7.31E-09
SESN2	1.830994177	5.953875234	1.94E-73	5.79E-71
THEMIS2	1.01197734	3.089803396	8.03E-10	9.23E-09
CLIP1	0.472461441	7.148938716	3.87E-09	4.07E-08
DNMT1	-0.725476474	7.169207471	2.60E-18	6.93E-17
HABP4	0.701345962	5.114551804	3.15E-12	4.75E-11
SLC35D2	0.676015356	5.710024875	9.15E-09	9.16E-08
ULBP2	1.623642245	2.199133737	1.82E-13	3.07E-12
AKAP12	2.256430309	9.924229752	1.69E-156	4.85E-153
ACSS2	0.680406202	6.511936056	4.58E-16	9.90E-15
GINS2	-1.404051412	3.624617462	5.61E-24	2.21E-22
SH3BGRL	-1.044337224	2.654954903	1.30E-09	1.46E-08
CAP1	0.581233125	8.030768823	2.44E-07	1.98E-06
ABCB7	-0.437053967	5.507506536	9.97E-07	7.29E-06
PDLIM4	0.749911773	6.207578951	3.31E-13	5.47E-12
VPS25	0.686499768	5.614596647	4.96E-09	5.15E-08
ANO1	0.711139134	9.060191397	4.49E-28	2.31E-26
NINJ1	0.760751287	5.153427127	1.49E-09	1.65E-08
WDR44	0.543591809	5.360613927	1.29E-07	1.10E-06
TOP2A	-0.460678256	9.529008795	2.27E-11	3.08E-10
ZSWIM4	0.993565443	4.724928231	5.75E-15	1.15E-13
TRIM21	0.837076444	3.810850098	3.68E-08	3.41E-07
NUP210	-0.535312939	6.709805187	1.54E-07	1.29E-06
RPA1	-0.468863208	7.067824762	9.22E-07	6.79E-06
ITGB4	0.569110109	8.965394058	1.43E-09	1.59E-08
WBP2	0.669636439	7.277205934	2.89E-20	8.87E-19
H3F3B	0.403355355	9.261868431	1.13E-08	1.12E-07
TRIM47	0.819094607	6.169849584	3.85E-22	1.35E-20
KDM6B	0.921266066	6.291846047	7.56E-15	1.49E-13
REEP2	-1.06347398	3.514467894	5.24E-12	7.77E-11
SNAP25	-0.79282713	5.021647984	1.42E-12	2.20E-11
PCNA	-0.998702498	7.490977891	2.86E-23	1.06E-21
RIN2	1.499792637	3.585173962	5.92E-24	2.31E-22
NES	-0.60181043	5.742404447	2.90E-09	3.10E-08
NASP	-0.644536291	6.738333318	8.75E-17	1.98E-15
ATP8A2	2.265584408	2.709897561	2.44E-29	1.36E-27
CDK8	-0.799264647	7.949836478	2.65E-22	9.39E-21
ALOX5AP	3.232846437	3.154139951	1.94E-45	2.51E-43
WASF3	-0.493853102	7.279464224	8.36E-11	1.07E-09
DCLK1	0.951580654	8.046058607	2.00E-24	8.13E-23
KL	-2.536177046	1.485524685	1.28E-23	4.86E-22
RFC3	-1.025412419	5.970755311	6.33E-30	3.63E-28
BEX2	0.596983516	5.197216585	4.72E-09	4.92E-08
RNF128	1.350870094	3.511383746	2.73E-17	6.49E-16
SLC39A11	0.621954093	4.436637076	1.61E-07	1.35E-06
EPHB2	0.704938106	4.511357029	1.14E-09	1.29E-08
CNDP2	0.509529172	5.718337093	2.98E-08	2.78E-07
BTG1	0.819093288	5.617477142	5.13E-12	7.61E-11
KRAS	0.428762969	8.432052138	9.82E-08	8.57E-07
ARNTL	0.488586301	5.19529719	5.75E-07	4.44E-06
MICALCL	0.969639817	2.722456693	5.90E-09	6.07E-08
MICAL2	1.21121163	7.684020035	8.61E-61	1.87E-58
TEX15	-0.867258192	3.822884691	2.43E-11	3.29E-10
TTC9	0.880615793	4.815160307	8.43E-15	1.65E-13
LOXL2	0.988050509	3.910397777	3.51E-13	5.79E-12
IRAK2	2.633213758	1.95947764	7.14E-11	9.20E-10
BHLHE40	0.852423048	7.548632539	1.80E-21	6.03E-20
KATNBL1	0.576953747	4.201640047	5.81E-07	4.47E-06
TSPAN2	-1.552985524	1.688733975	1.78E-11	2.46E-10
PTPN22	-1.62837513	2.674051442	2.58E-21	8.49E-20
ROCK2	-0.434188729	8.917419927	4.86E-07	3.79E-06
LPIN1	0.947121635	6.290932461	1.13E-28	6.02E-27
RBM17	-0.818106246	7.385587758	2.38E-30	1.44E-28
EMP1	1.7138435	9.298659295	1.81E-155	4.32E-152
LRP4	-0.811565682	3.912659409	1.02E-09	1.16E-08
DDB2	-0.718474933	5.144903144	3.54E-12	5.32E-11
SPOCD1	1.950716243	1.40737908	1.22E-10	1.53E-09
HOOK1	-0.72336595	6.161883279	5.71E-17	1.32E-15
FHOD3	-0.676699212	5.005081283	2.09E-11	2.86E-10
DAGLA	1.080653362	2.632969999	4.38E-08	4.02E-07
COL4A2	-0.713208546	4.727135394	1.06E-11	1.50E-10
ADAMTS8	-1.724655455	3.6333019	1.34E-35	1.08E-33
ETS1	1.66621724	8.088987345	2.02E-98	1.21E-95
OSTF1	0.668122735	5.548696347	2.91E-09	3.11E-08
ANXA1	1.167804968	5.221353073	3.03E-27	1.47E-25
CTSL	0.844438753	5.465637458	5.54E-17	1.28E-15
TMEM2	-0.440614262	6.807642456	5.41E-07	4.19E-06
AGTPBP1	0.542262789	6.444685906	1.03E-11	1.47E-10
TBX3	1.316397869	6.148931697	3.95E-51	6.30E-49
HRK	0.672761015	3.642418161	2.51E-07	2.04E-06
P2RX4	0.607989066	4.657205355	4.16E-07	3.29E-06
PNPLA8	0.587620953	5.64323676	7.50E-09	7.60E-08
SRPK2	-0.455572363	7.571883816	1.33E-09	1.49E-08
KCP	1.652800245	1.853183729	4.92E-13	7.90E-12
NT5E	3.69393482	6.366071532	8.72E-241	1.25E-236
ORC3	-0.587393781	5.238808298	6.41E-09	6.55E-08
CD63	0.467265511	8.577073435	1.92E-07	1.58E-06
GLS2	-0.480553656	5.649591932	4.92E-08	4.49E-07
TSPAN31	0.860182426	4.874343418	1.42E-07	1.20E-06
COQ10A	-0.693749806	3.545303509	1.73E-07	1.44E-06
FAIM2	-2.178667851	2.73334663	1.71E-36	1.49E-34
KRT7	2.39918522	3.174750988	2.16E-32	1.48E-30
SLC26A10	-1.431685904	1.157598992	1.05E-07	9.14E-07
HEY2	-1.342151832	2.830521413	3.29E-17	7.73E-16
MICAL1	0.745191399	4.179514724	1.75E-07	1.45E-06
STX11	1.307448106	2.548176955	4.85E-09	5.04E-08
EGR4	1.110972939	1.840754575	1.21E-06	8.72E-06
RAB11FIP5	0.651096375	4.984237686	1.69E-10	2.09E-09
DYSF	2.912161634	4.732186358	2.98E-113	2.38E-110
SLC9A5	-1.347390639	1.875387729	8.60E-09	8.62E-08
FAM129A	0.557794697	7.121353412	9.00E-15	1.75E-13
USP37	-0.446622183	5.718317927	7.78E-07	5.81E-06
SERPINE2	0.900315436	5.49914743	7.31E-18	1.86E-16
DNAJB2	0.919257626	5.785568776	1.42E-25	6.19E-24
TMBIM1	0.865334745	5.79353124	4.54E-15	9.16E-14
TMEM127	0.39010428	7.020434437	3.12E-07	2.51E-06
ARHGEF4	0.993353677	5.793257252	9.98E-16	2.11E-14
ALDH1L2	-1.084696413	2.451492548	6.01E-10	7.02E-09
VILL	-1.672880192	0.680056366	1.20E-07	1.03E-06
FLNB	1.074250618	10.17513653	7.43E-42	8.20E-40
THSD1	0.811708378	4.454418267	2.51E-12	3.81E-11
PHF11	0.584676522	4.745542563	3.93E-08	3.62E-07
SPRY2	-0.681831165	5.010439681	8.56E-12	1.23E-10
LCP1	3.524572175	4.335665251	4.86E-94	2.40E-91
TNS3	-0.564437301	5.412557865	4.52E-08	4.14E-07
NUPL2	-0.522595692	5.615935393	6.80E-08	6.04E-07
NACAD	1.308298616	2.212634829	1.59E-08	1.53E-07
LIMD2	0.917387626	2.942372344	1.23E-06	8.84E-06
BRIP1	-0.920691934	4.711648885	2.45E-17	5.85E-16
IL10	-0.742329217	3.326734218	2.15E-07	1.76E-06
DNAJC1	0.555901944	5.611678901	9.09E-10	1.04E-08
LRRC8A	1.295459748	7.628428177	3.31E-70	8.95E-68
SMC2	-0.855127415	6.920260908	5.13E-30	3.01E-28
FAM129B	0.998492482	8.846377744	1.69E-50	2.61E-48
SLC31A2	1.215889893	3.956519078	2.70E-14	4.98E-13
TLR4	-0.510444396	4.803406667	4.52E-07	3.55E-06
FPGS	0.496174108	5.484460044	5.02E-08	4.57E-07
USP20	0.624680547	5.371255896	5.41E-08	4.90E-07
DSCC1	-1.09141732	4.135214704	8.15E-19	2.29E-17
ARHGEF39	-0.770429329	3.909827194	1.70E-09	1.87E-08
GMPR	-0.75632809	3.289561484	6.05E-07	4.65E-06
TMEM63B	0.555648249	5.153817482	7.65E-07	5.72E-06
HMGA1	1.190476006	10.42512346	3.53E-66	8.74E-64
CPEB2	1.28385862	4.027858699	2.38E-17	5.70E-16
FHDC1	0.520382179	4.977194301	7.64E-07	5.71E-06
TTPA	-0.786258972	4.34277748	2.27E-13	3.81E-12
SDCBP	0.707686761	7.776670136	2.30E-19	6.71E-18
SORL1	-0.797708419	7.309304341	4.27E-28	2.20E-26
TRIM29	0.841256587	8.25013491	1.20E-31	7.87E-30
CTDSPL2	-0.498262293	5.714139802	3.85E-08	3.56E-07
NUSAP1	-0.572576016	6.568530342	1.69E-09	1.86E-08
KIF23	-0.369752606	6.598067626	1.03E-06	7.51E-06
PAQR5	0.724983346	4.696111191	2.81E-11	3.77E-10
ITPKA	1.397703891	4.008769238	5.04E-26	2.27E-24
STRA6	-0.694132172	6.724055113	4.67E-12	6.95E-11
BCAR3	0.953886951	6.929929062	2.76E-30	1.66E-28
ARHGAP29	1.353970143	7.062169546	7.68E-49	1.12E-46
RTCA	0.442234458	5.680606909	6.43E-07	4.91E-06
RAB1A	0.467524303	7.627585558	9.87E-08	8.60E-07
CENPO	-0.47540505	5.880852169	3.60E-07	2.87E-06
LRPPRC	-0.423365915	8.902910234	6.88E-07	5.21E-06
ACTR1A	0.556987649	6.338354513	9.75E-12	1.40E-10
MYOF	1.309603362	8.712082256	7.76E-46	1.05E-43
LOXL4	-1.182062559	5.564260135	1.64E-27	8.20E-26
KIF11	-0.584432999	6.647820771	1.63E-13	2.77E-12
TACC2	0.596508866	5.366890996	2.46E-10	2.98E-09
DUSP5	1.463634806	7.398134641	2.77E-67	6.98E-65
KIF20B	-0.649931453	6.514821893	2.73E-15	5.62E-14
ZNF365	1.059445972	3.803297509	2.92E-13	4.84E-12
DNA2	-0.793244584	4.036717672	9.94E-12	1.42E-10
ATIC	-0.401364653	7.830624237	6.31E-07	4.82E-06
BARD1	-0.548694044	5.006063837	1.53E-08	1.48E-07
CDK15	-0.928828361	3.920803476	1.83E-08	1.75E-07
ABI2	-0.450256274	7.295565055	1.03E-10	1.30E-09
SEMA7A	3.210129801	4.193992337	3.91E-70	1.04E-67
ZGRF1	-1.245734982	4.066852362	2.56E-25	1.10E-23
HNRNPD	-0.445382765	8.178591445	1.20E-08	1.18E-07
SEC31A	0.476228505	6.683871595	5.80E-09	5.98E-08
GPAT3	0.671367062	5.831416817	2.34E-09	2.53E-08
FRAS1	-0.975874644	6.446219519	7.21E-19	2.04E-17
SHROOM3	-0.7092303	6.909624092	9.44E-16	2.00E-14
GSTCD	-0.575845716	4.239742897	2.63E-07	2.13E-06
LEF1	-0.717282091	5.131363323	6.41E-12	9.41E-11
HADH	-0.607930944	5.267173964	1.29E-08	1.26E-07
SLC39A8	-0.879409854	5.577490479	1.31E-17	3.20E-16
ETV6	-0.521040256	5.988928992	1.84E-08	1.76E-07
ETNK1	-0.464780679	8.017374067	4.86E-09	5.06E-08
AMIGO2	0.823441151	3.577065555	3.25E-09	3.45E-08
PHLDA1	0.384911814	9.435545471	8.92E-07	6.59E-06
DUSP6	-0.745675569	8.193802361	4.59E-26	2.08E-24
SLC15A4	0.763042005	4.887433329	5.20E-10	6.11E-09
SDSL	1.033761841	1.963337624	3.46E-07	2.76E-06
FAM222A	-1.552399425	2.785949554	2.45E-19	7.12E-18
N4BP2L1	-0.910275795	2.835993246	1.54E-08	1.49E-07
BRCA2	-0.636978601	6.537691442	1.15E-08	1.13E-07
MAP3K12	-0.863622206	3.548491822	2.12E-10	2.59E-09
ITGB7	1.866885435	0.6883905	1.69E-07	1.41E-06
KRT71	-1.717236229	0.948086285	6.75E-09	6.89E-08
VPS37B	0.529999112	5.571201863	5.54E-09	5.71E-08
RHOF	0.954659313	7.41233878	3.25E-32	2.21E-30
DIAPH3	-0.602091452	6.830938648	2.34E-10	2.84E-09
WARS	0.771681232	9.069521913	3.92E-29	2.15E-27
SLC27A2	-0.582993918	5.7960901	1.45E-10	1.81E-09
DISP2	0.945266124	4.642113727	2.83E-11	3.79E-10
IGF1R	-0.801741109	6.988545123	1.17E-13	2.01E-12
PML	0.538968737	5.408051622	5.96E-08	5.36E-07
RLBP1	0.737197336	3.985113923	1.88E-09	2.06E-08
FANCI	-0.782318081	6.672669003	5.65E-24	2.22E-22
ABHD2	1.091963894	8.666678541	6.46E-51	1.01E-48
TICRR	-0.607834273	4.380798476	1.06E-07	9.19E-07
MFGE8	0.593949206	5.399591589	1.24E-09	1.39E-08
IQGAP1	0.430339676	9.36160327	3.99E-11	5.24E-10
ITGAX	1.748853082	2.349528291	5.09E-13	8.18E-12
TGFB1I1	0.756905129	4.390732143	2.36E-11	3.19E-10
NKD1	-1.572898637	7.705825161	5.20E-47	7.24E-45
NLRC5	0.577239262	5.339708078	7.67E-09	7.75E-08
KIFC3	0.850007644	5.37938301	3.58E-11	4.74E-10
CMTM3	1.056891436	2.520654382	5.36E-08	4.86E-07
MAP1LC3B	0.762345144	6.644843787	5.30E-14	9.53E-13
TLDC1	0.783907334	5.11361306	3.22E-14	5.92E-13
OSGIN1	1.681037747	2.657086379	7.42E-21	2.39E-19
TOB1	0.546033154	6.747397922	1.25E-07	1.07E-06
IMPA2	-0.623873438	4.185878644	6.00E-08	5.39E-07
GNAL	-0.739773922	5.012543394	1.85E-12	2.84E-11
NPC1	0.912881584	7.58738796	4.99E-35	3.87E-33
ARRB2	-0.524076225	5.075770838	2.61E-07	2.12E-06
ARHGDIA	0.644130762	8.568865171	6.14E-17	1.42E-15
TMC6	0.609251349	7.032878635	5.49E-08	4.96E-07
RNF157	-1.525430157	3.574926151	6.73E-24	2.62E-22
PMAIP1	0.628160339	5.938363437	5.63E-10	6.61E-09
SH3GL1	0.677532269	6.324291856	7.28E-15	1.44E-13
DPP9	0.72693431	6.643700548	9.22E-15	1.79E-13
IFITM3	-0.521106783	6.3064325	6.29E-09	6.45E-08
HUNK	-0.818624038	5.018403126	3.21E-15	6.56E-14
COL6A1	0.701802338	6.599226327	5.98E-10	6.99E-09
COL6A2	1.938698488	0.860686451	6.25E-07	4.79E-06
TRPM2	0.768448985	4.961728359	8.30E-14	1.46E-12
DOPEY2	0.961398055	6.75324993	7.66E-27	3.64E-25
EMP3	1.15479722	5.786303568	6.62E-28	3.38E-26
LMTK3	1.028923875	4.559397345	7.96E-15	1.56E-13
RNPEPL1	0.596975093	5.456105487	1.62E-08	1.55E-07
CACNG8	1.257020875	4.039587558	2.49E-16	5.48E-15
RERE	-0.907755632	7.194871634	7.63E-24	2.94E-22
EPHA2	0.613319461	7.537634417	9.15E-15	1.78E-13
EFHD2	0.643658339	6.275769424	1.21E-13	2.08E-12
SH3BGRL3	1.359992525	6.645293165	5.78E-42	6.48E-40
CNKSR1	0.655602888	4.643353895	3.53E-08	3.28E-07
PLK4	-0.625705587	4.959359365	4.78E-08	4.36E-07
SERBP1	-0.334874736	8.394181365	7.39E-07	5.55E-06
TINAGL1	0.737343767	7.936684223	1.14E-22	4.12E-21
MOB3C	0.677468413	3.834914614	6.53E-07	4.98E-06
ZNF697	0.679963454	5.987963885	1.60E-13	2.72E-12
CREG1	-0.479229227	6.488767503	5.15E-08	4.68E-07
UCK2	-0.447843232	6.635559894	1.10E-07	9.52E-07
PFDN2	0.510170998	5.628341342	1.21E-07	1.04E-06
CRABP2	-0.775898282	6.390275463	3.82E-11	5.03E-10
ABL2	0.930838301	7.070798175	7.58E-20	2.28E-18
LHX9	-1.304122378	1.03274545	7.15E-07	5.39E-06
ECM1	1.306592343	1.948179477	2.57E-08	2.41E-07
MCL1	0.471966326	8.493663114	7.33E-13	1.17E-11
DTL	-1.252121789	5.108508142	3.38E-37	3.03E-35
VASH2	-1.469869297	1.100791447	1.37E-07	1.16E-06
SUSD4	-1.567015102	3.094775031	7.75E-25	3.24E-23
DUSP10	2.010190623	3.225705786	1.12E-19	3.35E-18
TPM3	0.440280721	7.779823076	1.51E-08	1.46E-07
LYST	1.58774444	5.213345343	9.98E-46	1.33E-43
GUK1	0.706769397	5.683120836	1.12E-12	1.76E-11
CNIH3	1.301692451	1.368817628	1.73E-07	1.44E-06
MBOAT2	0.588399001	7.75111586	4.49E-18	1.16E-16
PSEN2	1.011038141	4.969602578	8.35E-21	2.65E-19
WNT9A	3.886237221	5.417053305	2.48E-154	5.09E-151
ARL8A	0.587523061	4.820769738	6.38E-08	5.70E-07
RHOB	1.414436452	8.760572938	6.83E-72	1.96E-69
ATP6V1C2	-0.965198648	2.630094203	4.25E-07	3.36E-06
HNRNPLL	-0.52157562	6.05733265	1.66E-09	1.84E-08
GALM	-0.58485815	3.96261467	1.28E-06	9.17E-06
MALL	1.956704618	2.488030995	2.56E-17	6.12E-16
RALB	0.512145214	6.892338265	1.63E-08	1.57E-07
NT5DC4	0.882755967	5.244694191	7.55E-21	2.42E-19
SLC20A1	0.44375478	8.99661973	4.28E-10	5.06E-09
PKP4	-0.518978186	7.763511076	6.94E-12	1.02E-10
CDCA7	-0.658617196	6.335910294	1.06E-15	2.24E-14
UBR3	-0.403601525	6.344868047	3.75E-07	2.98E-06
GULP1	0.5449446	7.462895651	2.73E-10	3.31E-09
FAM171B	-0.805203121	6.033108129	2.77E-16	6.06E-15
KANSL1L	-0.645118156	4.949202599	8.17E-10	9.39E-09
RHBDD1	0.603274049	4.350588809	1.48E-07	1.25E-06
FANCD2	-0.936462788	4.288950014	7.40E-17	1.68E-15
VGLL4	0.58285122	5.982662295	1.08E-10	1.36E-09
04-mar	1.412690596	4.498912816	1.83E-27	9.10E-26
CTDSPL	-0.719880461	7.979963177	2.71E-20	8.36E-19
IL17RD	-0.427572453	6.777414109	7.18E-07	5.40E-06
MYH15	4.70483578	0.816707837	9.71E-13	1.54E-11
NCEH1	0.577704388	5.763073709	5.82E-07	4.48E-06
RUBCN	0.677628094	6.007471582	2.35E-12	3.58E-11
STXBP5L	-1.078978218	2.897300149	5.21E-12	7.73E-11
TM4SF19	2.178279833	2.731096034	2.43E-26	1.12E-24
SCD5	-0.739941609	4.294239203	9.06E-11	1.15E-09
MYO10	0.385032649	8.534122165	6.72E-08	5.97E-07
SKP2	-0.854941165	4.836029156	1.62E-12	2.50E-11
PLK2	0.579801546	6.082819464	3.43E-09	3.63E-08
LHFPL2	0.962825876	6.325853393	1.29E-33	9.21E-32
IQGAP2	-0.718429677	7.251663765	2.28E-21	7.61E-20
PAM	-1.403049953	8.003110347	5.29E-90	2.30E-87
FBXL17	-0.743037038	5.036661082	1.83E-14	3.45E-13
FEM1C	0.860181596	6.582066694	1.57E-22	5.64E-21
ADAMTS19	-1.517188067	4.262668193	2.46E-39	2.52E-37
DDX46	-0.632847575	7.110362098	7.00E-17	1.60E-15
TNIP1	1.043168779	7.690996261	2.37E-44	2.90E-42
N4BP3	1.638430155	3.447363748	1.98E-22	7.09E-21
TENM2	-2.067870395	3.619168781	1.13E-49	1.71E-47
DCDC2	-0.522136488	5.310620634	6.06E-08	5.43E-07
NFKBIE	1.041127622	3.577053819	4.12E-11	5.40E-10
IRAK1BP1	-0.662367944	3.466954435	9.20E-07	6.79E-06
PHIP	-0.68042637	6.928836162	2.18E-17	5.26E-16
MMS22L	-1.169206743	5.379418933	2.96E-35	2.34E-33
PM20D2	-0.508324251	6.717264495	8.39E-12	1.21E-10
SDK1	-0.768373372	5.979737111	6.89E-13	1.10E-11
CREB5	2.588974838	1.820777099	4.56E-16	9.87E-15
EGFR	1.05853578	8.751798944	8.36E-50	1.28E-47
CDCA5	-0.513952714	5.847176992	1.45E-08	1.41E-07
IGFBP3	-0.853763408	6.825856574	2.65E-23	9.86E-22
CNPY1	-0.711327173	5.483681517	2.72E-13	4.53E-12
NCAPG2	-0.885097387	6.294442246	1.21E-24	4.94E-23
TMEM47	0.60109142	7.851050179	6.35E-11	8.22E-10
MSN	0.450186835	9.321748702	9.29E-12	1.34E-10
SLC16A2	2.157190309	4.50130299	4.11E-32	2.77E-30
NONO	-0.394187047	8.63540302	5.08E-09	5.27E-08
DOCK11	-1.071447497	5.807634154	1.37E-30	8.45E-29
RBMX	-0.463015968	7.261110187	7.09E-08	6.28E-07
NSDHL	0.59956162	5.432797709	1.23E-07	1.06E-06
CSGALNACT1	-1.590859949	1.678239412	2.46E-12	3.74E-11
GINS4	-1.164668485	3.900312171	4.12E-20	1.26E-18
SYBU	0.864527813	3.880338991	8.85E-11	1.13E-09
NFIB	-0.986634293	4.425039039	1.63E-11	2.27E-10
CEP78	-1.511012017	7.216332727	1.94E-83	6.94E-81
NTRK2	-0.743735016	5.208561348	1.37E-15	2.88E-14
C9orf3	-0.496755494	6.340964433	1.47E-10	1.83E-09
UGCG	-0.366222073	7.101426269	1.08E-06	7.83E-06
STOM	-0.901395084	2.655021477	1.32E-07	1.12E-06
CRB2	-1.183683419	2.743567961	1.47E-12	2.28E-11
SLC25A25	0.618739394	5.862732856	3.29E-13	5.44E-12
LCN2	1.847417552	6.396142282	1.92E-37	1.77E-35
PROSER2	0.91416116	5.253721337	1.77E-18	4.82E-17
ZEB1	1.451693007	4.186768978	1.64E-27	8.20E-26
ANKRD1	0.502095889	8.653254693	9.83E-08	8.57E-07
FRA10AC1	0.621586805	4.86609298	7.99E-10	9.20E-09
ADD3	-0.424412969	6.800785248	5.04E-07	3.92E-06
NPFFR1	-1.255946427	2.692706926	4.57E-14	8.28E-13
ITPRIP	1.339190461	4.50313844	6.81E-29	3.66E-27
CNNM2	-0.632878512	3.91662587	7.03E-07	5.31E-06
BTBD10	0.66904187	5.504203583	2.17E-09	2.36E-08
SYT8	-1.597477846	0.832104044	2.06E-08	1.96E-07
TNKS1BP1	0.81013433	7.805508865	1.23E-19	3.66E-18
SESN3	-1.747975598	5.649481411	5.69E-80	1.85E-77
CAPN5	0.884154181	3.128395937	4.34E-08	3.98E-07
PAK1	0.594914063	5.514802456	4.23E-11	5.54E-10
NCAM1	-1.343063948	3.651435524	1.07E-21	3.66E-20
DRD2	1.294737623	4.812830546	6.10E-32	4.09E-30
ATM	-0.516782503	7.418711734	5.54E-08	4.99E-07
GLB1L2	-0.506001496	5.77484347	1.55E-07	1.30E-06
CHEK1	-0.600676495	6.298772834	6.56E-11	8.46E-10
TAGLN	1.341574438	2.549909238	8.85E-13	1.40E-11
DSN1	-0.69697619	5.516937713	3.23E-14	5.95E-13
CDC42EP2	1.053085029	4.066853589	9.70E-15	1.88E-13
DOC2A	-1.079657808	2.583723233	1.04E-09	1.18E-08
HIRIP3	-0.615089891	4.308927663	3.82E-08	3.52E-07
HMGA2	0.43075267	7.061610125	2.79E-07	2.25E-06
MPP7	-1.433771761	3.88322863	1.73E-26	8.03E-25
ARID5B	-1.021491593	5.257357792	1.26E-18	3.48E-17
LATS2	0.562937622	6.445819749	2.59E-11	3.48E-10
PRSS23	1.535484464	5.83651366	1.73E-49	2.58E-47
PIP4K2A	0.581258149	6.11319545	1.20E-10	1.51E-09
CRIM1	-0.618156798	6.523432666	1.39E-12	2.16E-11
SEC24D	0.800159664	5.759322282	1.51E-18	4.15E-17
UBC	0.725668155	8.364017065	1.48E-23	5.62E-22
SLC7A11	0.669228077	6.661340428	1.83E-18	4.95E-17
NOCT	0.708582467	3.869943597	4.53E-07	3.56E-06
CCDC3	-1.866592995	3.674685601	2.91E-44	3.54E-42
NCAPD3	-0.933758397	6.491573188	1.80E-28	9.52E-27
ANO4	-2.632468472	3.559889785	8.51E-73	2.49E-70
TEX9	-1.065577696	2.547495153	8.00E-10	9.20E-09
ADAM17	0.472900496	7.298982079	1.31E-08	1.28E-07
TMEM45B	-0.516622601	5.946546778	6.39E-09	6.55E-08
CENPU	-1.167645891	4.270910389	1.72E-25	7.44E-24
CENPJ	-0.542056194	5.950203196	1.34E-09	1.50E-08
RABGAP1L	-0.925681618	6.461444636	1.91E-27	9.44E-26
TMEM56	-0.754682207	3.978396167	7.24E-07	5.45E-06
TMEM163	-0.84975239	4.916914856	4.33E-18	1.12E-16
PDE3B	-0.938079764	2.332888582	1.22E-07	1.05E-06
SPOCK1	3.06016107	0.524759585	3.12E-11	4.17E-10
SUV39H2	-0.497666025	4.968970773	1.01E-06	7.34E-06
CAMK4	-1.181365776	4.831844683	6.68E-30	3.82E-28
PFKM	-0.412293969	7.222446741	9.51E-09	9.49E-08
PELO	0.559058744	6.084004842	7.03E-10	8.14E-09
PANK1	-0.767811704	3.337697317	3.60E-08	3.34E-07
CENPH	-0.628934048	4.345884806	3.90E-08	3.59E-07
CARHSP1	-0.755125525	4.450860462	9.85E-12	1.41E-10
CAST	0.378928791	8.890242912	2.13E-07	1.75E-06
TMEM87B	0.433083071	7.104766892	9.40E-08	8.21E-07
RBMS1	0.47635061	6.37286659	5.23E-09	5.41E-08
PLEKHG4B	-0.874261333	3.097350843	5.36E-09	5.53E-08
LURAP1L	1.725332863	2.21333826	3.30E-18	8.72E-17
CMIP	0.6521958	5.171855398	9.63E-11	1.22E-09
MCOLN2	-0.656775358	4.008514031	3.69E-08	3.41E-07
MSI2	-0.782367607	8.386301695	8.18E-26	3.65E-24
C16orf74	1.535260099	2.575797983	1.86E-16	4.15E-15
ROBO4	4.135965577	4.099176482	6.55E-88	2.61E-85
ROBO3	1.540767038	2.869185326	7.12E-16	1.53E-14
PITPNC1	0.80429408	5.190924386	1.77E-13	3.00E-12
CC2D1B	0.84651741	5.005520302	1.76E-11	2.43E-10
PRKCA	-0.592073542	5.839038245	1.46E-07	1.23E-06
CCSAP	-0.487880212	4.890126954	9.90E-07	7.24E-06
SORBS2	-0.893124787	3.782832819	7.01E-12	1.03E-10
FGD5	-1.035551495	6.038272862	8.04E-26	3.59E-24
DPH3	0.716179869	4.505422731	3.67E-10	4.36E-09
APCDD1	-1.837097807	7.194877759	1.75E-101	1.09E-98
EME1	-0.995787459	3.903179219	3.32E-15	6.77E-14
ACSS1	-0.58009701	5.812273324	1.51E-08	1.46E-07
CYP2U1	-0.808258875	3.74436877	1.73E-10	2.14E-09
GOLGA7B	0.640639084	6.377153151	5.78E-11	7.51E-10
RHOC	1.197339254	6.284302438	9.17E-30	5.22E-28
NUP205	-0.58753784	7.020722806	7.50E-10	8.67E-09
AFF2	-1.84559108	1.163894038	1.08E-10	1.37E-09
GNAQ	-0.419589111	6.922681873	1.55E-07	1.30E-06
DPY19L4	-0.523922533	5.651178877	6.82E-07	5.18E-06
PCDH1	1.068510992	6.819605435	6.55E-32	4.37E-30
SH3RF2	1.340638571	5.590809261	1.83E-29	1.03E-27
HKDC1	2.56408305	2.603176112	5.15E-36	4.32E-34
HK1	0.582626701	7.291331066	4.72E-16	1.02E-14
PHF6	-0.374191055	6.902905532	4.05E-07	3.21E-06
ATAD2	-1.046124381	6.815551222	1.60E-41	1.74E-39
SASS6	-0.75453951	4.110417643	2.49E-11	3.36E-10
B3GNT7	2.419513316	0.475449235	2.74E-10	3.31E-09
BUB1B	-0.625126412	5.890509263	2.74E-12	4.15E-11
NECAP2	0.562923091	5.357792607	1.09E-06	7.89E-06
STEAP2	0.547177183	7.607705088	1.17E-14	2.25E-13
CLDN12	0.592053992	7.289300637	3.06E-10	3.68E-09
MMP14	1.946152016	7.773574469	5.07E-124	4.85E-121
FAM81A	-1.32640738	1.515835429	2.20E-08	2.08E-07
MYO1E	0.61691943	6.085576227	2.28E-13	3.81E-12
AFAP1L1	0.829676407	3.566764785	1.59E-07	1.33E-06
TSC22D3	1.743391762	4.671919447	5.50E-42	6.21E-40
ZNF618	-0.583864259	5.173371419	1.07E-07	9.25E-07
LDLRAP1	0.694250728	5.284016915	9.63E-11	1.22E-09
WASF2	0.375078288	7.646995942	1.37E-07	1.16E-06
CUL4B	-0.481953845	7.768328342	5.44E-12	8.06E-11
GPR153	-0.892608696	4.082804387	1.15E-11	1.63E-10
SHROOM4	-0.624781401	3.805984339	7.03E-07	5.31E-06
B4GALT5	0.454680201	8.15261361	2.64E-09	2.84E-08
DNAH3	-1.019732367	2.243594051	8.80E-08	7.72E-07
GDPD5	1.020706054	4.61976671	1.58E-18	4.31E-17
SLC45A3	0.95220757	4.31668356	3.44E-15	6.98E-14
NIT1	0.581247174	4.121720746	7.45E-07	5.59E-06
CDA	1.357177225	4.92831197	4.61E-31	2.89E-29
PINK1	1.031404589	6.148764082	2.41E-34	1.79E-32
EPB41	-0.471098291	7.150120308	3.22E-10	3.86E-09
LAD1	0.481661207	6.36572102	8.01E-09	8.09E-08
RCAN1	0.528965778	4.969361789	1.77E-07	1.47E-06
RUNX1	-0.671833328	7.807404695	6.40E-17	1.47E-15
CHAF1B	-0.663222783	5.136494517	1.16E-11	1.65E-10
PLA2G4D	-1.033044661	2.139618629	3.40E-07	2.72E-06
ATP13A2	0.467079341	5.563767508	7.16E-07	5.40E-06
MED8	0.659310655	5.28877093	7.11E-12	1.04E-10
UROC1	-1.863013411	3.494395922	4.61E-39	4.66E-37
ZFYVE28	0.712133077	3.649521313	1.03E-07	8.96E-07
ZYX	0.8394395	6.907075714	9.64E-22	3.31E-20
CCDC107	1.034462808	2.539800066	8.22E-08	7.22E-07
ABCG1	-1.348262191	2.47336598	1.20E-11	1.70E-10
TMPRSS3	-0.790318531	3.227758056	1.47E-07	1.24E-06
SLC37A1	0.990281027	4.10754354	2.13E-14	3.98E-13
G6PD	0.627099843	6.518522425	3.04E-14	5.60E-13
CSTB	0.522440307	6.763007426	1.21E-08	1.19E-07
C21orf58	-1.066093694	4.000654781	2.29E-14	4.27E-13
ZNF714	-0.534407815	4.481148274	9.97E-07	7.29E-06
GPSM1	0.805852803	4.777196768	3.62E-10	4.32E-09
SPTBN4	-0.936758499	3.671653867	1.64E-09	1.82E-08
COX6B2	2.912553678	3.712736102	5.63E-65	1.35E-62
IL6R	2.255823069	6.527054445	6.01E-88	2.46E-85
CHRNB2	0.502036688	5.311939949	9.82E-07	7.19E-06
ANO10	0.61906089	4.926694915	2.17E-07	1.77E-06
LMNA	0.626911645	9.205050777	1.48E-18	4.07E-17
ORAI2	0.4099648	6.386721519	4.48E-07	3.52E-06
SQSTM1	1.078183466	9.901994168	6.17E-65	1.45E-62
MGAT4B	0.640259221	7.863523626	1.75E-16	3.90E-15
MFSD12	0.640136057	6.65423943	3.79E-11	5.01E-10
DMKN	0.381629766	7.016602673	4.66E-07	3.65E-06
NPHS1	0.687196163	3.812333931	1.05E-06	7.63E-06
ITGA5	0.928874515	6.332639196	8.14E-21	2.59E-19
MPP3	0.820777122	5.008421312	3.65E-13	5.98E-12
NAGS	0.964476108	4.387058787	2.15E-15	4.46E-14
EMC10	0.424558242	6.849120049	1.09E-08	1.08E-07
PLCD3	0.801105949	7.666095133	8.69E-20	2.60E-18
SPC24	-0.908276079	4.025462217	1.45E-12	2.25E-11
SHANK2	0.934182093	5.145484248	5.33E-18	1.36E-16
ASRGL1	-0.928733223	3.148253021	1.05E-09	1.19E-08
RPS6KA4	0.816172688	6.046216055	2.14E-16	4.74E-15
FGF19	-0.477753074	6.692669206	1.25E-07	1.07E-06
KLHL21	0.968478425	6.847668264	6.62E-36	5.46E-34
AK4	-0.388425885	6.253022031	1.24E-06	8.92E-06
RAVER2	-0.617473027	5.193315002	1.82E-11	2.52E-10
DRAXIN	0.625650211	5.046018587	2.96E-09	3.16E-08
RBBP4	-0.679436099	7.419124171	1.21E-11	1.70E-10
CAMK2N1	1.008797468	5.54809188	2.47E-26	1.13E-24
NFIA	-0.91461256	4.044891155	5.26E-08	4.77E-07
MYSM1	-0.587931733	5.042319071	6.13E-08	5.48E-07
USP1	-0.465421451	6.977324507	8.37E-09	8.40E-08
HENMT1	-1.160774105	2.470924845	1.68E-10	2.09E-09
GFI1	-0.800169267	2.816337489	5.80E-07	4.46E-06
AGL	-0.694080092	5.567510168	2.14E-14	3.98E-13
PEA15	0.645720563	6.802357292	3.47E-16	7.56E-15
MAPKAPK2	0.391820122	6.583744514	4.98E-07	3.87E-06
IL24	3.490565943	3.017851925	4.83E-36	4.08E-34
CAPN2	1.373628259	9.529156713	8.38E-83	2.93E-80
CCDC138	-0.696748368	4.299998502	7.56E-09	7.65E-08
VSNL1	-0.539099957	4.959390738	1.07E-07	9.23E-07
ADCK3	-0.583744822	5.080726611	2.60E-09	2.80E-08
SGPP2	1.131722044	4.972998262	3.44E-17	8.07E-16
INHBB	0.486987995	5.741046575	1.82E-08	1.74E-07
MSX1	-0.888905898	4.66265811	2.22E-16	4.89E-15
RNF149	0.416299485	6.619029279	1.07E-07	9.26E-07
S100A11	0.958662754	9.20079841	3.76E-29	2.07E-27
SPRR2D	4.531196305	0.29436957	2.11E-11	2.88E-10
ANTXR2	1.91341878	1.620385588	4.15E-08	3.81E-07
GPR155	-2.050321088	5.422851018	7.49E-97	4.13E-94
CLDN1	0.807682504	6.800008173	1.04E-17	2.59E-16
DCST2	-1.846274464	0.558072919	1.01E-06	7.34E-06
IGFN1	6.676726631	4.012563	8.61E-71	2.37E-68
EIF4E3	1.11002965	4.068691919	1.35E-11	1.90E-10
ELF3	0.923344311	3.678788182	3.22E-10	3.86E-09
ARPC2	0.397901799	8.251362166	1.56E-07	1.31E-06
KIAA1524	-0.724401594	4.137622863	5.38E-10	6.32E-09
CDS1	0.535685195	5.360240626	1.03E-08	1.03E-07
ABHD6	-0.857810462	5.069722018	2.04E-17	4.95E-16
APBB2	-0.671529197	6.808558895	1.84E-09	2.02E-08
TOPBP1	-0.686698422	6.948893342	3.92E-15	7.93E-14
CDCP1	0.822444774	8.441164978	3.09E-19	8.98E-18
SLC6A20	0.710878132	4.193531644	6.07E-09	6.24E-08
TPRA1	0.945189484	5.529710712	4.71E-24	1.87E-22
ZC3H12A	1.156931461	4.399181521	1.71E-14	3.24E-13
RFC4	-0.71133225	5.646965805	2.50E-11	3.38E-10
PRKCD	0.574876476	5.840230652	2.47E-09	2.67E-08
FAM208A	-0.408425077	7.31896317	2.28E-07	1.86E-06
MFI2	0.6372725	5.604639636	4.34E-10	5.14E-09
SGMS2	0.556740245	5.5754422	6.41E-09	6.55E-08
H2AFZ	-0.663108906	7.368311985	1.75E-11	2.42E-10
CDC25A	-0.652514776	4.942962822	1.19E-09	1.34E-08
SHISA5	0.698051858	6.141686122	1.57E-16	3.51E-15
SPRY1	-0.679844816	3.258857311	9.99E-07	7.30E-06
HMGB2	-0.440135747	7.598161105	2.32E-09	2.52E-08
MAD2L1	-0.81367515	5.83118308	1.48E-14	2.82E-13
ANXA5	0.905116498	8.200520594	2.66E-14	4.92E-13
HPGD	-0.868527495	6.150857708	8.49E-12	1.23E-10
ITGA2	2.168577658	8.977054022	9.58E-199	6.87E-195
ELOVL7	0.563998899	5.63172822	2.19E-09	2.38E-08
ANKRD33B	2.846473452	1.778363077	4.47E-12	6.66E-11
RHOBTB3	-0.91671658	8.392215601	3.49E-28	1.82E-26
UBLCP1	0.566810585	5.884016218	1.06E-08	1.05E-07
ACSL6	-3.266606788	1.255825974	9.88E-26	4.36E-24
CSF2	4.276252799	3.688372862	1.05E-45	1.37E-43
DCBLD1	0.73648968	5.102027624	9.88E-14	1.72E-12
TMEM200A	2.069537297	2.551327978	3.50E-19	1.02E-17
KIAA0895	0.448686105	5.622570321	6.63E-07	5.05E-06
STEAP1	1.008259533	6.485265814	2.54E-23	9.48E-22
CDCA7L	-1.079677897	6.887249726	4.74E-43	5.49E-41
ZNF704	-1.203970127	7.929919793	1.37E-30	8.45E-29
BRI3	0.565828455	6.863207942	6.47E-09	6.61E-08
TNFRSF11B	-2.120405811	5.161939844	1.36E-83	5.12E-81
SPIDR	-0.559132058	5.837742443	2.41E-10	2.93E-09
OXR1	-0.692553377	8.117625238	6.43E-16	1.38E-14
NOS3	0.961908579	6.406171744	3.88E-17	9.04E-16
ALDH7A1	-0.453255191	5.65026618	1.17E-06	8.44E-06
YWHAZ	0.580497646	9.396215447	1.34E-10	1.67E-09
CTHRC1	-0.975762713	3.828044589	3.53E-12	5.32E-11
GEM	2.675861492	2.597877182	5.09E-19	1.46E-17
FAM219A	0.869756709	5.212390794	1.19E-15	2.49E-14
KIAA1161	-0.52582889	5.91923902	5.29E-07	4.10E-06
PSIP1	-0.591781621	6.716992082	3.20E-15	6.55E-14
DIRAS2	-1.566650803	1.754951486	1.11E-12	1.74E-11
SYK	-0.999266872	7.819228105	2.23E-41	2.41E-39
HGSNAT	0.740472117	4.939999918	1.18E-12	1.84E-11
DYNLT3	1.271301542	5.820316007	4.38E-25	1.85E-23
C9orf84	-1.31648493	1.591649602	8.53E-09	8.57E-08
KIAA1958	-0.634012016	5.81738476	2.06E-10	2.52E-09
PIGA	0.603235257	4.85525845	3.86E-07	3.07E-06
CARD19	0.808185319	4.424919818	6.11E-12	8.98E-11
ZNF367	-0.927850839	5.617622232	3.27E-09	3.47E-08
MELK	-0.49810685	6.065292052	1.02E-08	1.01E-07
PGM2L1	0.722280341	4.790141565	1.17E-10	1.47E-09
GJB2	1.726943113	6.285505644	1.71E-65	4.16E-63
SKA3	-0.785042369	5.275623068	1.96E-16	4.35E-15
DDIAS	-0.582924882	4.832479924	4.17E-09	4.37E-08
CDX2	-0.928544659	4.800688163	1.77E-18	4.82E-17
STOX1	-0.763474502	3.13573457	1.04E-07	9.01E-07
ZNF219	-0.686188145	4.402301076	3.36E-09	3.56E-08
CCDC186	-0.535146342	6.605926689	3.17E-11	4.23E-10
VWA2	-1.26746963	4.96438032	5.49E-30	3.20E-28
SALL2	-1.782652144	1.678336758	8.76E-14	1.54E-12
E2F7	-0.990372229	3.655396559	2.06E-14	3.85E-13
SLC39A13	0.811834456	5.750591317	5.34E-14	9.60E-13
SMCO2	-1.041851028	6.062355667	3.14E-17	7.41E-16
HTRA1	-0.856956846	2.662081753	6.86E-07	5.21E-06
ADAMTS15	-0.923592747	3.914652127	1.37E-13	2.34E-12
CKB	-0.849165993	4.579280012	1.57E-13	2.67E-12
STXBP4	-0.594926576	3.958112981	7.27E-07	5.47E-06
SMPD1	0.671780707	4.582674628	7.26E-09	7.38E-08
SERPINB8	1.320164843	4.609017857	1.54E-22	5.55E-21
CDYL2	1.344530654	2.398876659	3.94E-11	5.18E-10
AKIP1	0.627422541	3.799577216	1.05E-06	7.62E-06
MCM7	-1.140511407	8.371285332	6.02E-51	9.49E-49
NDEL1	0.443191753	6.076169404	5.17E-07	4.02E-06
SLFN5	1.377096069	7.621360218	9.33E-68	2.43E-65
FAM111A	-0.635922482	6.202207217	3.75E-14	6.84E-13
KIAA0101	-1.45440609	3.326933611	1.19E-23	4.52E-22
NAV2	0.638370676	8.089936403	3.78E-07	3.00E-06
NEMP1	-0.474212353	6.998421405	1.83E-10	2.25E-09
PIP4K2C	0.605480414	6.456591995	3.57E-13	5.86E-12
TSC22D4	0.593803776	6.265998594	3.66E-10	4.36E-09
NUDT21	-0.427565881	7.612291693	2.05E-08	1.95E-07
DUSP18	1.54473138	3.082807918	1.35E-18	3.72E-17
TEF	-0.675631249	3.393078392	8.14E-07	6.05E-06
TMEM92	0.811201063	3.360289798	1.29E-07	1.10E-06
FAM102A	2.006744704	7.309473011	2.03E-90	9.09E-88
SLC27A4	1.035374699	5.734256433	1.64E-25	7.15E-24
C15orf39	1.251444988	5.639014039	4.64E-35	3.62E-33
IGF2	-0.63636757	4.551295811	3.19E-07	2.56E-06
MYO5B	0.596889955	6.123853712	2.28E-12	3.48E-11
RRM1	-0.820610492	6.957108959	1.66E-21	5.59E-20
TPM4	1.033167188	9.415925844	1.71E-36	1.49E-34
MIDN	0.861161559	6.810527719	5.89E-16	1.27E-14
MVD	0.963936814	4.151750292	2.09E-14	3.91E-13
CDT1	-0.929098834	4.188814654	1.86E-15	3.88E-14
CORO6	1.072873642	4.900787872	2.87E-09	3.08E-08
CYP2S1	0.804548572	5.521552946	2.46E-15	5.10E-14
AXL	1.085219899	7.662486584	6.90E-44	8.32E-42
C19orf33	1.264606704	3.103248801	6.01E-14	1.07E-12
CHAF1A	-0.912154456	5.307165768	4.48E-17	1.04E-15
SEMA6B	-1.457196574	5.178643172	2.09E-42	2.38E-40
TRPV3	1.624351272	2.200900656	2.23E-11	3.02E-10
ZNF83	1.452246727	6.745545759	1.39E-56	2.52E-54
KRT80	0.966611877	7.417247641	1.82E-37	1.68E-35
SPRYD3	1.319145236	5.663126512	1.70E-44	2.12E-42
IGFBP6	0.747341662	6.152074676	3.97E-18	1.03E-16
CDK2AP2	0.689620525	4.847054899	8.43E-11	1.08E-09
HID1	0.547509737	4.745343229	7.62E-07	5.71E-06
TK1	-0.893720906	5.324006407	9.62E-23	3.50E-21
RAB26	-1.164408701	1.563858439	8.45E-07	6.27E-06
ABCA3	0.689699336	4.130929646	3.10E-08	2.90E-07
RAB3IL1	0.83392734	3.836996769	1.02E-09	1.16E-08
FTH1	1.057315007	10.46481277	2.94E-31	1.90E-29
C2CD3	-0.661300202	5.511687948	1.29E-10	1.62E-09
SCARA3	-1.248815495	3.662673446	1.73E-21	5.80E-20
PBK	-0.722096291	5.008542992	1.44E-09	1.60E-08
DDIT4	0.818420702	7.122910416	1.73E-20	5.42E-19
NT5DC2	-1.007795501	4.061122015	2.61E-15	5.39E-14
ACOX2	-1.714840165	1.827322694	2.71E-15	5.60E-14
HR	-1.623870476	4.738889045	3.27E-35	2.57E-33
FEN1	-0.74081847	5.907727837	3.05E-16	6.66E-15
SERINC2	0.912161725	6.794931554	2.13E-23	7.97E-22
STAT3	0.496960683	6.888153798	9.33E-11	1.19E-09
AXIN2	-0.523638628	8.760737682	1.02E-09	1.16E-08
ZNF30	0.741157592	3.176143477	6.49E-07	4.96E-06
FAM84B	0.545267229	7.198008522	4.83E-12	7.18E-11
SLC16A4	0.943129775	4.727951277	9.32E-12	1.34E-10
PKIG	-0.662819945	4.379964902	6.42E-08	5.72E-07
NPNT	-1.128397147	4.922857389	5.06E-30	2.98E-28
FAM178B	-1.27976781	2.267259417	3.20E-11	4.26E-10
TNIP2	0.602081922	5.100560848	3.76E-09	3.96E-08
TMEM150A	0.942067862	3.840012219	4.51E-13	7.28E-12
ZNF608	-0.727695257	5.173173189	9.54E-11	1.21E-09
STXBP6	-0.77741223	4.190055306	1.18E-11	1.67E-10
CPLX1	0.618612097	4.569117146	5.90E-08	5.32E-07
KLK7	-0.773137121	3.909117622	1.89E-10	2.32E-09
PARM1	-1.106342835	2.126901827	1.14E-08	1.12E-07
ZBTB43	0.660313898	5.556878287	2.02E-11	2.77E-10
RGS14	1.193141458	4.924203615	3.73E-26	1.70E-24
SHE	1.255817136	2.602701357	5.27E-10	6.20E-09
IL1RAPL1	1.227834534	3.30735655	1.47E-12	2.28E-11
CXCL8	3.527109941	2.264630126	6.65E-07	5.07E-06
GJB1	-0.725395251	5.254979992	2.42E-14	4.50E-13
ANTXR1	-0.618662503	5.022300116	7.21E-08	6.38E-07
LRRC45	-1.144831766	4.504603538	7.18E-17	1.64E-15
AGPAT2	0.660322961	6.147074826	3.51E-14	6.43E-13
ASPSCR1	-0.920010638	6.161679301	9.77E-26	4.33E-24
LIMS1	-0.698150342	9.078105378	2.51E-24	1.01E-22
NLGN1	-1.072189596	1.774615355	6.98E-07	5.27E-06
BTD	-0.661989958	3.730677394	3.49E-07	2.78E-06
GSX1	-1.649652031	0.743665383	6.23E-08	5.58E-07
TM4SF1	1.107946182	6.802993576	4.19E-18	1.09E-16
IFFO2	0.756375493	5.424758357	8.97E-14	1.57E-12
NLGN2	-0.774991122	4.541333255	1.03E-07	8.93E-07
TMEM154	1.071772201	3.959725809	9.84E-18	2.47E-16
FAM161A	-0.671619543	4.442351633	4.86E-07	3.79E-06
VSTM2A	-2.212310692	1.139282155	1.11E-13	1.91E-12
KRT86	1.931224356	3.230592607	2.74E-30	1.65E-28
NPAS2	0.795163664	5.858825446	1.83E-13	3.08E-12
TMC7	2.29730051	4.104455734	3.20E-60	6.65E-58
AKAP13	0.753711636	7.02130347	1.85E-11	2.55E-10
SDR16C5	1.271376696	3.34558523	8.17E-14	1.44E-12
PRKCDBP	1.221665457	5.267744527	2.19E-28	1.15E-26
HAS2	-1.337559694	2.829825451	1.40E-14	2.66E-13
FEZ2	0.750276163	5.567229917	3.77E-13	6.14E-12
ALK	0.970781254	2.982202518	4.04E-09	4.23E-08
CDC42BPG	0.559625983	5.189774842	1.44E-07	1.21E-06
C10orf35	0.955742681	2.346758996	1.15E-06	8.28E-06
ESCO2	-0.786296432	4.457462088	7.37E-10	8.52E-09
KRT19	0.902433091	9.71549562	7.41E-39	7.43E-37
KRT15	1.257756009	4.641358604	1.01E-21	3.46E-20
APLN	-1.956584338	2.272991092	3.12E-22	1.10E-20
KRT13	1.143009872	6.742454204	4.45E-38	4.28E-36
CDK5R2	0.840004	3.060109356	3.14E-07	2.52E-06
ZNF562	0.809529369	6.145179059	8.06E-22	2.77E-20
MAP6	1.296374034	3.063558678	2.38E-13	3.97E-12
BCL2L1	0.483396611	8.350927272	1.96E-13	3.30E-12
CXXC5	-0.50454355	6.825667346	1.07E-10	1.35E-09
PIK3CD	1.314854162	5.055409774	1.78E-26	8.20E-25
ENC1	-0.656166088	6.720019751	1.98E-16	4.38E-15
SPSB1	0.80293398	3.640155655	1.41E-08	1.38E-07
NA	1.12605372	2.828201711	1.25E-11	1.76E-10
ATF7IP	-0.661337329	6.763819447	3.97E-17	9.23E-16
LRRC34	-0.603435835	4.361694864	2.43E-07	1.97E-06
PAH	-1.518090465	2.62964995	4.54E-19	1.31E-17
COL8A2	-2.111207004	1.123292899	6.99E-14	1.24E-12
MLLT3	-0.632903509	3.93983867	6.30E-07	4.82E-06
RRM2	-0.826318027	7.35819874	3.40E-18	8.94E-17
PRNP	0.454219753	8.177421124	5.22E-11	6.79E-10
FRMD5	1.305263769	5.467482761	6.18E-43	7.09E-41
THOP1	-0.478642398	5.965854846	4.96E-07	3.87E-06
KLF11	0.944456944	5.517534236	1.09E-23	4.14E-22
KRCC1	-0.844999805	2.598631661	7.84E-07	5.85E-06
SNTB1	-0.614331388	7.519979742	7.62E-19	2.15E-17
MTBP	-0.861280877	3.632071817	7.36E-11	9.47E-10
ISG20	2.86091281	5.247526502	2.96E-118	2.49E-115
CEBPB	0.87290195	6.220215413	9.41E-23	3.43E-21
CERS6	-1.120076932	7.914864613	1.30E-52	2.23E-50
SPTLC3	-1.809543545	2.658404188	6.63E-26	2.97E-24
IL16	-1.34884112	4.944955604	6.97E-31	4.34E-29
GNB2	0.379896738	7.934887921	1.37E-07	1.16E-06
GTPBP2	1.09870183	6.436304314	7.46E-40	7.87E-38
MANEA	-0.594432288	4.188466363	2.34E-07	1.90E-06
C2orf54	0.978252922	5.671467146	5.48E-26	2.47E-24
TMCC1	0.655945121	5.134600436	2.37E-08	2.24E-07
DHCR7	0.665857266	7.030717078	5.77E-18	1.47E-16
RNASEH2C	-0.600554371	4.982960438	6.23E-09	6.40E-08
MYEOV	0.882389684	6.921382435	6.03E-30	3.47E-28
MYD88	0.753563166	5.40600763	1.75E-13	2.96E-12
GXYLT2	-0.867478612	3.317852344	3.19E-09	3.39E-08
RELA	0.543398441	6.530556042	3.05E-09	3.25E-08
RHOD	0.650744961	5.248236919	6.68E-08	5.95E-07
RAPH1	0.579308129	7.176563897	1.42E-09	1.58E-08
ABLIM3	2.939084993	2.753236456	2.16E-30	1.31E-28
SYT12	-1.698368812	1.537583212	1.31E-13	2.25E-12
ZNF449	0.693233785	4.056222446	7.14E-07	5.38E-06
OLR1	-2.512144441	0.791744394	2.41E-10	2.93E-09
PPP1R14B	0.793770059	5.712335351	7.59E-15	1.49E-13
SMARCC1	-0.446759086	8.228901382	3.15E-10	3.79E-09
PTPRM	2.310341102	0.381370684	1.83E-07	1.51E-06
TNFRSF10D	-0.664039506	4.956008909	1.10E-08	1.09E-07
NABP1	1.340816353	7.168236425	2.40E-58	4.65E-56
LRFN4	0.654456039	5.79614383	7.39E-08	6.52E-07
HEG1	-0.569826236	6.173340606	2.65E-10	3.21E-09
TOMM20	-0.444651256	7.173182758	2.18E-07	1.78E-06
CNP	-0.519059921	6.0307163	2.57E-09	2.77E-08
JUP	0.401457145	8.291551528	1.77E-07	1.47E-06
PLK3	1.528990136	4.537829101	2.62E-23	9.78E-22
NET1	0.56260605	8.177869123	4.80E-13	7.72E-12
C1QTNF1	0.611549155	4.600116298	7.99E-07	5.94E-06
PHLDA3	0.494018861	6.049475592	3.29E-08	3.06E-07
EXO1	-1.175365086	4.293293242	4.81E-23	1.76E-21
ZWILCH	-0.558505905	5.37741155	5.46E-08	4.94E-07
KIAA1551	0.741496367	6.332477346	5.97E-19	1.70E-17
NR1D2	-0.506870185	5.66959133	9.34E-09	9.33E-08
YIF1A	0.639667565	5.631951698	1.38E-09	1.54E-08
KLC2	0.804992822	5.534618658	1.73E-12	2.66E-11
UBE2C	0.465912141	6.860953576	8.39E-07	6.22E-06
MARCKSL1	-0.645975688	4.945966784	5.33E-09	5.51E-08
FAM131A	0.664382956	4.819045814	5.73E-10	6.72E-09
DDIT3	0.713260376	5.839581657	8.02E-15	1.57E-13
CHST1	2.029134347	2.067155143	9.25E-18	2.33E-16
CCNE2	-1.202717321	3.443987634	5.64E-19	1.62E-17
ZNF519	-0.744317019	3.698418091	2.91E-08	2.73E-07
CLTB	0.48686701	6.043355187	1.36E-08	1.32E-07
PCSK1	-1.121275063	6.049877621	7.46E-39	7.43E-37
CCDC14	-0.594167396	6.209314817	2.35E-07	1.91E-06
MCTP1	-0.940753818	6.070600995	3.85E-25	1.64E-23
POLD4	1.20015955	1.955210262	3.52E-08	3.27E-07
KCNE3	-1.31238064	1.438582337	2.09E-08	1.98E-07
DRAP1	1.36117741	7.935672566	1.46E-54	2.59E-52
FOSL1	2.040654409	8.426539552	8.82E-135	1.27E-131
SUGCT	-0.814196254	3.364259516	1.11E-07	9.57E-07
LINC00476	-0.923936009	2.944837991	2.55E-09	2.74E-08
RMI2	-0.959156918	4.573016337	6.68E-16	1.43E-14
SFN	1.5084921	7.668254417	5.27E-59	1.06E-56
ETV4	-0.708056072	7.491467369	1.12E-20	3.52E-19
BAIAP2	0.883175762	5.791845327	6.41E-19	1.83E-17
ARL4D	0.58061572	4.571400836	2.07E-07	1.70E-06
TUBB6	0.608798345	6.806373522	1.34E-14	2.55E-13
AIM1L	1.526482979	5.048452104	7.90E-44	9.44E-42
FOXG1	-0.949154981	2.926100068	8.11E-09	8.18E-08
SPHK1	0.94457266	3.303082467	1.25E-08	1.22E-07
ATAD5	-1.006929906	5.415886965	1.03E-19	3.08E-18
ACBD7	-1.130266967	2.77350765	1.58E-11	2.21E-10
GNG7	-1.392230292	1.511847302	5.10E-09	5.29E-08
B3GNT5	1.356321216	5.694272345	2.00E-35	1.59E-33
FOXL1	1.479113343	3.48039493	1.68E-23	6.33E-22
BDNF	-1.718205202	3.683897248	1.80E-36	1.56E-34
TYMS	-0.98817801	5.997281443	7.38E-25	3.10E-23
TYMSOS	-1.433530636	0.977412702	2.66E-07	2.15E-06
SHMT1	-0.636253589	5.633497552	1.77E-13	2.99E-12
TMEM80	-1.0264336	3.729583624	1.53E-13	2.61E-12
POLE	-0.69751931	5.888743547	4.30E-07	3.39E-06
ULK1	0.63749462	4.629905093	1.51E-07	1.27E-06
MAN1B1	0.450453701	6.213452906	1.13E-06	8.20E-06
PTRF	0.394358008	7.399472036	8.85E-07	6.54E-06
ZBED2	1.375915746	6.741429677	8.86E-60	1.82E-57
SLC25A22	0.664658338	5.336250893	3.97E-10	4.72E-09
JUN	1.344868208	6.568757132	1.48E-43	1.76E-41
CD151	0.744548267	6.729957436	9.46E-19	2.65E-17
FLII	0.627142065	8.732049284	8.14E-15	1.59E-13
KCNJ10	-1.767620021	2.329166995	7.68E-21	2.46E-19
ZBTB41	0.611399375	5.514236677	4.77E-09	4.97E-08
ARL6IP6	-0.604272762	5.100036142	2.61E-07	2.12E-06
ALS2CL	1.359363838	6.397351537	1.65E-26	7.67E-25
STAP2	0.645112063	4.934686672	9.37E-10	1.07E-08
KDELC2	-0.796975852	5.796718737	1.62E-18	4.43E-17
PLEC	0.883835083	10.73084776	2.47E-12	3.75E-11
ZFAND2A	0.919405179	3.708560863	1.09E-09	1.23E-08
CA8	-0.963309763	2.038647932	4.82E-07	3.77E-06
GRINA	0.587544318	6.53286018	8.35E-08	7.33E-07
TMEM139	-0.491291257	5.454399737	2.24E-07	1.83E-06
RMI1	-0.634023662	5.122654618	2.85E-07	2.30E-06
HES7	-0.554823709	4.303761083	1.18E-06	8.48E-06
SAMD4B	0.705053134	7.417434058	2.09E-18	5.61E-17
ALOXE3	1.236228209	4.66495588	2.25E-25	9.67E-24
ARID3B	0.740265813	3.729825427	1.12E-07	9.62E-07
GCC1	0.545133	5.579492796	2.21E-09	2.41E-08
GRM8	-1.831838111	1.032168846	3.73E-11	4.94E-10
LACC1	0.905753138	5.737103996	5.67E-24	2.22E-22
APOBEC3B	0.806338118	5.89230186	4.07E-10	4.84E-09
PCBP1-AS1	-0.827804301	4.760941316	9.70E-16	2.05E-14
MYADM	0.836450419	7.271440084	1.08E-25	4.73E-24
SERTAD2	0.837554056	6.313565519	3.52E-25	1.50E-23
NLRP11	-1.046509188	3.143017624	1.05E-12	1.65E-11
B3GNT3	1.69401953	5.255466683	8.38E-59	1.67E-56
PPP1R14BP3	0.669086908	3.976998684	7.93E-07	5.91E-06
TH	0.675677886	3.653046856	6.89E-07	5.22E-06
RCC1	-0.466228936	6.392207342	2.31E-07	1.88E-06
FGD6	0.919010651	6.031435141	7.82E-21	2.49E-19
EMC3-AS1	-1.421129027	2.566982038	6.41E-15	1.28E-13
HIST1H2AC	0.596416631	4.208635776	7.87E-07	5.87E-06
PRF1	0.358164326	7.180092017	5.39E-07	4.18E-06
ZDHHC20	-0.676231767	8.44716431	3.03E-14	5.59E-13
OXTR	1.758004753	2.005178678	4.52E-07	3.55E-06
AEN	0.956827837	6.366767852	4.84E-27	2.32E-25
DDX60L	2.402268653	2.140212259	4.48E-19	1.29E-17
DDN	-1.030564575	3.757705322	1.85E-14	3.48E-13
RAP2B	0.536030283	6.106857208	2.29E-09	2.49E-08
FANCB	-1.073541203	3.429891845	2.45E-14	4.54E-13
C6orf223	1.281771024	3.719671838	1.08E-18	2.99E-17
ATG9B	3.51795223	2.735129623	1.71E-46	2.35E-44
SLC35C1	0.802028869	5.403668547	5.76E-16	1.24E-14
RTKN2	-0.540036287	4.523033923	6.13E-07	4.70E-06
ERCC6L2	-0.522552691	5.960602675	1.03E-07	8.92E-07
SYNM	-0.753235289	3.347193206	1.20E-06	8.62E-06
NXPH4	-0.843883158	3.713013362	3.59E-11	4.76E-10
TEX19	-1.594609768	0.676646718	6.32E-07	4.83E-06
CSF1R	2.573792533	1.409103529	1.11E-14	2.14E-13
SKA2	-0.476280716	6.45524891	7.42E-07	5.57E-06
TTC3	-0.397946142	8.129497595	1.16E-06	8.35E-06
TSKU	0.464072799	5.805162992	1.03E-06	7.48E-06
ANXA2	0.957979391	10.75343743	3.32E-14	6.09E-13
C1orf116	0.934952047	7.389377037	1.62E-34	1.23E-32
GALNT9	1.563462453	1.215304864	5.73E-07	4.42E-06
CADM1	-0.580817552	6.474181565	6.44E-10	7.49E-09
SPNS2	1.316449569	4.877830156	2.80E-29	1.55E-27
ABAT	2.048883818	3.808890579	1.82E-34	1.37E-32
GAS6	0.609482737	6.323725809	2.25E-11	3.06E-10
RIPPLY3	-1.281915824	1.372484171	1.39E-07	1.18E-06
FAM101B	-0.995959794	5.185818332	8.34E-24	3.20E-22
UPP1	2.857662901	7.777354781	6.23E-159	2.23E-155
LHFP	0.511040875	5.118072228	6.65E-07	5.07E-06
ASCL2	-1.136703856	4.272069827	1.56E-20	4.92E-19
NA	2.121530158	4.300037279	1.76E-52	2.96E-50
KREMEN1	-0.572032863	5.471561896	1.40E-07	1.19E-06
B3GALT5	1.005803888	5.739152237	2.52E-18	6.71E-17
ZNF703	-0.43258084	6.499302044	9.39E-08	8.21E-07
LIN9	-0.730651989	3.862057465	2.62E-08	2.46E-07
GPR39	3.647570112	1.029165787	7.73E-15	1.52E-13
SCN5A	-0.704022675	7.101271444	1.29E-14	2.47E-13
ACTG1	0.512570157	11.41609241	9.59E-11	1.22E-09
DENND5A	0.477013154	6.254797064	6.03E-08	5.41E-07
ALDH1A3	-0.5896704	9.402744193	2.14E-19	6.27E-18
TACSTD2	1.44612289	7.15231279	5.54E-53	9.57E-51
PKP3	0.683051462	6.390349894	1.12E-11	1.59E-10
CSF1	1.828323317	2.725989059	2.80E-13	4.66E-12
MAML2	-0.743471275	5.956472397	7.21E-16	1.54E-14
KNTC1	-1.009358446	6.164701357	5.07E-21	1.65E-19
BPIFC	3.889011315	-0.118120216	5.63E-07	4.35E-06
TMEM255B	1.420519137	3.792768425	1.74E-23	6.57E-22
LPAR5	1.581212518	3.191962878	2.32E-21	7.72E-20
NELL2	-1.475007122	8.502200385	1.94E-96	1.03E-93
OSBP2	0.891509597	3.759257014	4.09E-11	5.37E-10
FMNL1	1.376569796	7.218468625	4.85E-63	1.12E-60
SIVA1	-0.570287418	4.71881012	6.09E-07	4.67E-06
BRI3BP	-0.55069349	5.752389018	9.40E-10	1.07E-08
MAFF	0.84814968	5.438500379	1.26E-17	3.10E-16
SEMA4B	0.698401275	4.414713098	4.27E-09	4.47E-08
CIB1	0.515937268	5.177758844	1.38E-07	1.17E-06
TNFAIP2	0.740358515	7.415873137	2.77E-13	4.60E-12
NOTUM	-1.405773323	6.007848274	5.87E-36	4.87E-34
HGS	0.655796694	7.147462098	4.13E-14	7.51E-13
PARPBP	-1.151022658	4.205195743	2.14E-20	6.64E-19
AHNAK2	2.471544751	9.176345654	2.20E-127	2.25E-124
OLFML2A	1.049481775	3.846698459	3.10E-13	5.15E-12
ZFP36L1	1.331940017	10.34887711	1.98E-81	6.78E-79
C16orf52	0.495154813	5.402692522	1.09E-07	9.37E-07
IFITM1	-1.823686261	1.998582118	2.35E-17	5.66E-16
PTCH1	-0.942056121	7.089275146	9.91E-18	2.48E-16
KRT5	-0.502376546	9.839166078	1.26E-13	2.17E-12
PIP5K1C	0.618965027	5.500562446	7.64E-07	5.71E-06
BCL9L	0.6278904	9.027328637	1.84E-09	2.02E-08
BACE1	-0.501609177	4.788205661	5.26E-07	4.08E-06
ANKRD37	-1.281717624	3.730766716	1.47E-21	4.97E-20
INSIG1	1.093147608	7.195172297	1.98E-28	1.04E-26
ARHGAP30	2.24029546	0.471771681	8.07E-07	6.00E-06
C6orf1	1.150054424	4.104930974	3.84E-18	1.00E-16
UBE2H	1.186784018	7.625808309	4.20E-61	9.27E-59
ARAP1	0.567684955	6.906390928	3.08E-09	3.28E-08
PDE2A	1.92451609	3.603947303	1.06E-25	4.67E-24
SPIN4	-0.660369258	5.213733078	1.60E-10	1.99E-09
ERCC6L	-0.667442446	4.700478212	1.92E-09	2.10E-08
PTRH1	1.180667996	3.779283071	1.12E-17	2.78E-16
ENTPD5	0.57953558	5.187327846	7.37E-09	7.49E-08
GCNT1	-0.651567913	4.623418687	8.53E-10	9.78E-09
FNBP1	0.574802903	6.365632289	1.27E-11	1.79E-10
BCAM	-0.715000904	4.600372779	6.70E-08	5.96E-07
FPR3	-1.76262176	1.531877408	7.77E-14	1.37E-12
PTMA	-0.641804725	7.598183822	9.36E-14	1.63E-12
SIRT7	0.615461968	5.688545291	5.11E-09	5.29E-08
PLEKHN1	1.365913808	3.900673185	2.55E-21	8.43E-20
ISG15	0.822638373	4.306817585	1.97E-11	2.70E-10
TRPV2	0.781392627	5.832284956	1.28E-17	3.13E-16
THSD4	2.021227395	4.720043258	1.02E-41	1.11E-39
FANCA	-0.824077566	4.216323262	3.16E-12	4.77E-11
FANCM	-0.713597467	3.74921318	1.13E-08	1.11E-07
PEAR1	1.156740047	3.572884356	8.52E-17	1.93E-15
ARL4C	0.503308118	8.298142307	5.56E-14	9.97E-13
C6orf132	0.501036181	6.17880951	3.75E-09	3.95E-08
CENPP	-0.894848422	2.753190788	3.62E-08	3.35E-07
H2AFX	-0.443705244	5.678710529	4.26E-07	3.37E-06
FAM83G	0.589378639	6.45504397	1.61E-11	2.24E-10
SRSF10	-0.794119417	7.580770884	2.43E-27	1.18E-25
C15orf52	0.721262492	6.198194755	3.80E-09	3.99E-08
S100A16	1.16633602	7.210312488	7.41E-42	8.20E-40
PTAR1	-0.418987523	7.602614077	2.99E-07	2.41E-06
GJB3	2.344208132	6.57413562	1.72E-145	3.09E-142
DHFRP1	-1.331710915	1.969497814	1.15E-09	1.30E-08
FAM111B	-1.069079636	5.891059794	1.44E-26	6.72E-25
CLDN4	1.130806567	8.12669331	1.62E-30	9.89E-29
ZNF600	0.629745453	4.594460071	7.56E-09	7.65E-08
MAOA	1.744323176	2.444173893	5.06E-14	9.13E-13
S100A14	0.892844745	3.030890505	2.20E-07	1.79E-06
NEMP2	-0.805693075	3.470121367	3.54E-09	3.74E-08
HMGB1	-0.585943107	7.718029061	4.36E-18	1.13E-16
SH2D5	1.182453868	4.446914694	2.33E-21	7.75E-20
GJB4	2.071165819	2.501915203	1.51E-22	5.45E-21
STK40	0.741961313	6.319669269	9.22E-18	2.32E-16
RNF216P1	0.754339801	4.653360581	6.07E-10	7.09E-09
GREB1	-1.384193446	1.394349098	2.16E-08	2.05E-07
ZBTB44	-0.645216684	6.957185378	1.30E-13	2.24E-12
CD55	1.30006032	5.264946742	1.67E-19	4.92E-18
RFX8	1.644971106	2.977143922	7.88E-19	2.22E-17
XRCC2	-1.217222597	4.825446194	8.38E-28	4.23E-26
MYO6	0.562228933	6.400673173	1.74E-10	2.15E-09
LINC00173	-0.9988691	4.000599726	8.23E-12	1.19E-10
S100A2	1.624199683	6.435139894	5.81E-33	4.08E-31
NHLRC2	-0.508344104	6.455330303	6.10E-07	4.68E-06
ZFP28	0.635954908	4.209269737	1.05E-07	9.08E-07
LAMB3	1.576072372	7.888017303	4.26E-81	1.42E-78
PDLIM7	1.015986479	6.387213336	3.91E-27	1.89E-25
FLNA	0.914152426	11.75658483	4.29E-22	1.49E-20
SRGAP1	0.876379365	5.68754249	2.22E-13	3.72E-12
FAM3C	0.475534181	5.966539191	8.57E-09	8.60E-08
SLC39A10	0.863287178	6.376935853	3.38E-18	8.89E-17
ANXA4	0.622733071	6.233569943	1.01E-08	1.01E-07
WDR45	0.64485178	5.609698872	1.01E-12	1.59E-11
METTL9	-0.733437391	8.331628934	1.61E-11	2.24E-10
MAFG	0.420904396	7.069326377	4.11E-07	3.25E-06
SLC25A29	0.687742601	5.618965001	2.95E-08	2.76E-07
ACSL5	1.380006952	3.669911618	3.19E-15	6.53E-14
PIWIL2	-1.266970843	1.650570089	7.22E-08	6.38E-07
CYSRT1	2.192131423	2.832675921	1.43E-29	8.04E-28
SLC22A4	1.005460877	2.710058194	5.83E-07	4.48E-06
SERPINA1	1.047888071	4.540705458	3.57E-10	4.26E-09
KANK2	-0.942714102	4.895471668	1.93E-14	3.63E-13
ZNF165	0.721055918	4.454468605	1.22E-09	1.38E-08
BLM	-0.848901058	5.110262948	8.23E-18	2.08E-16
SVIL	1.087613124	5.737358027	4.88E-24	1.93E-22
LRP10	0.723126284	6.901163343	1.03E-18	2.87E-17
VEPH1	-2.112371589	3.191961229	8.14E-40	8.46E-38
OGDHL	-0.744957765	4.759355426	1.12E-07	9.62E-07
STMN3	0.77743673	7.424186395	9.96E-24	3.81E-22
PDGFA	-0.511759881	7.599742525	3.14E-08	2.94E-07
ZNF841	0.710029241	4.614020706	6.86E-10	7.96E-09
CDC42SE1	0.687923826	6.260464323	5.30E-13	8.50E-12
S100A10	0.949403724	8.662185898	5.57E-15	1.12E-13
TAF13	0.672494416	4.587301116	2.49E-08	2.35E-07
SLC9A8	0.619318457	4.725953512	2.15E-07	1.76E-06
ADAMTSL2	-1.511400678	2.75601952	1.02E-14	1.97E-13
SGTB	0.538019562	5.732500054	1.20E-06	8.65E-06
FAM49A	1.515796489	3.724798943	4.13E-24	1.65E-22
S100A6	1.049436098	8.555045206	2.11E-11	2.88E-10
DNM3	-0.505872173	5.126400083	9.81E-07	7.19E-06
PRIM1	-0.998737585	5.41203298	3.18E-17	7.48E-16
TOR4A	0.735723279	5.248453092	4.52E-13	7.29E-12
HMGN5	-1.425978503	2.337421337	1.92E-14	3.61E-13
TFDP1	-0.457865502	7.101582518	1.29E-09	1.44E-08
RPS6KL1	1.220353636	3.743785298	8.08E-17	1.83E-15
FAM109A	0.784285894	3.432023221	1.08E-06	7.83E-06
ASPH	0.933291687	8.811552156	1.17E-37	1.09E-35
GFPT1	0.481481908	7.743539841	1.84E-11	2.54E-10
ITSN2	0.445676737	7.841051012	3.95E-09	4.15E-08
TXNRD1	0.978234379	9.178472326	8.58E-26	3.81E-24
MAFK	0.72809081	6.177545499	5.97E-14	1.07E-12
WDHD1	-0.828948075	5.41599922	2.40E-18	6.42E-17
ARC	1.527082204	1.901990249	9.78E-11	1.24E-09
IPO9	-0.495071069	6.770887196	4.10E-10	4.86E-09
CTR9	-0.394439164	7.223275854	4.05E-07	3.21E-06
SMURF1	0.54695497	6.454745889	4.41E-10	5.21E-09
SLC5A3	-0.949870752	8.377350525	3.64E-34	2.66E-32
CDC42BPB	0.591290767	7.98356997	1.55E-08	1.50E-07
PLXNB3	0.9652359	3.913670786	4.95E-09	5.15E-08
TMEM184B	0.578303435	5.880523112	8.75E-11	1.12E-09
HMGN2	-0.644369845	5.346199474	1.16E-06	8.38E-06
UBE2J1	-0.457615373	7.405517337	6.57E-08	5.86E-07
GRK5	1.467847236	3.022294606	4.69E-18	1.21E-16
TOP1	0.401273598	7.943109226	7.05E-09	7.18E-08
L1CAM	1.176136669	8.851541197	2.22E-43	2.61E-41
TGM2	0.503460643	10.65599649	2.91E-11	3.90E-10
PJA2	0.443309207	7.37068432	6.45E-10	7.50E-09
INF2	0.593553225	8.043214157	3.32E-11	4.42E-10
GDI1	0.587480682	6.689208274	2.21E-10	2.69E-09
TMEM57	0.486646784	5.430592602	6.80E-07	5.16E-06
BMPR2	-0.395430019	6.995776621	4.33E-07	3.41E-06
SP5	-0.819727102	5.241908763	1.38E-17	3.37E-16
TBC1D8	1.073492134	6.248499329	6.80E-29	3.66E-27
CASC10	-1.150345305	1.876475923	7.39E-08	6.52E-07
FAM216A	-0.628257139	4.147808048	8.75E-08	7.68E-07
IGFL4	-1.09141731	3.564545777	3.58E-13	5.88E-12
NA	0.997297562	2.314533835	9.35E-07	6.88E-06
KRT81	3.064398113	5.432601435	8.25E-121	7.39E-118
TMSB4X	0.722113425	6.027170273	3.92E-11	5.16E-10
MFSD2B	1.183679162	6.103581064	5.69E-34	4.14E-32
ITPRIPL2	0.507869698	6.789290787	1.86E-08	1.78E-07
NYNRIN	-1.408980001	1.863258099	7.68E-11	9.85E-10
SERPINB5	1.483347086	2.023856481	1.85E-10	2.27E-09
MIR221	2.959394811	1.001271519	8.31E-12	1.20E-10
SLC48A1	-0.786559483	7.207495555	3.56E-22	1.25E-20
C17orf51	0.711311619	4.309015905	2.07E-08	1.97E-07
ZNF611	1.19729912	4.852755746	2.19E-16	4.83E-15
KLHL23	-0.479228531	6.06329086	2.67E-09	2.87E-08
YWHAZP2	0.820256077	3.468854965	9.03E-08	7.90E-07
COG8	-0.597843272	5.473055036	5.91E-08	5.32E-07
FIRRE	-0.995495368	2.281164132	1.13E-07	9.74E-07
LBH	1.269748965	6.958808557	1.14E-36	1.02E-34
LAT	1.511593586	1.341651327	1.56E-07	1.31E-06
SLC35F6	0.519918299	6.621313864	1.09E-10	1.37E-09
ACTBP2	0.641764074	5.60981244	1.40E-11	1.96E-10
NA	1.016802288	3.507988059	8.12E-12	1.18E-10
EMP2	-0.434580587	6.000938081	7.82E-07	5.84E-06
CSNK1E	0.622386766	7.387267998	1.35E-12	2.10E-11
TAX1BP3	1.064231574	2.941352881	3.57E-10	4.26E-09
NA	-1.455926188	4.397985101	1.65E-16	3.69E-15
PTMAP5	-0.828953272	3.334790839	9.95E-09	9.90E-08
NEURL1B	-0.831613464	2.901006959	4.34E-07	3.42E-06
PPME1	-0.661699768	6.625642282	3.48E-18	9.13E-17
STARD10	0.721728453	4.412232662	8.77E-09	8.79E-08
NA	-1.252530802	1.688963401	7.43E-09	7.54E-08
NA	-1.346286475	1.083575086	7.51E-07	5.63E-06
CYB5RL	-1.013810128	2.702681156	3.42E-09	3.62E-08
NA	-1.761022947	2.391097598	2.53E-21	8.40E-20
NA	1.267900913	4.746345558	1.71E-20	5.37E-19
FTH1P15	0.992087443	3.64170425	3.26E-09	3.46E-08
FTH1P8	1.191945087	2.626213427	2.54E-11	3.42E-10
ZSCAN12P1	1.202524606	3.130227153	7.42E-14	1.31E-12
FANCG	-0.599648595	5.197757593	1.01E-10	1.28E-09
CEBPD	-0.82694193	4.325359181	2.61E-11	3.51E-10
APOL6	0.836475575	6.580530792	7.78E-18	1.97E-16
FADS3	0.785553079	5.913731435	2.88E-15	5.93E-14
BTBD19	1.658479051	3.148895694	6.15E-20	1.86E-18
LINC01124	-1.13775553	2.919621462	4.11E-13	6.68E-12
MIR503HG	0.752968878	4.595751265	1.16E-07	9.96E-07
NA	-0.80286747	3.595290894	2.72E-09	2.92E-08
ZMIZ1-AS1	2.110339586	1.006850585	2.87E-10	3.46E-09
NA	1.440042654	2.989426263	1.23E-16	2.76E-15
ZNF469	0.636593562	4.570903367	5.42E-07	4.19E-06
FAM195B	0.573324745	4.530686409	6.93E-07	5.25E-06
DBH-AS1	-1.98741679	1.520365192	1.05E-14	2.02E-13
NA	-1.784851684	2.310195272	5.76E-21	1.87E-19
NA	2.190948342	5.758512775	7.48E-12	1.09E-10
FTH1P20	1.523686174	1.56013774	3.27E-08	3.05E-07
ERVMER34-1	-1.430580246	6.172205971	3.41E-61	7.64E-59
DANCR	-1.014569302	5.815003748	7.45E-24	2.88E-22
C14orf132	-0.700495975	5.079598712	1.21E-13	2.09E-12
FTH1P16	1.283299784	1.364235667	7.95E-07	5.92E-06
NA	-1.086049781	2.763357359	1.41E-09	1.57E-08
HCG11	-0.708755494	4.553245754	4.39E-11	5.75E-10
DHFR	-1.620563519	3.587983406	3.91E-32	2.65E-30
LINC01204	3.253637754	-0.042786959	3.42E-07	2.74E-06
NAMPTP1	0.76382308	6.158082911	3.10E-12	4.70E-11
NA	-0.633706688	6.06409365	1.97E-12	3.01E-11
PROX1-AS1	-1.685810319	2.005502186	7.66E-17	1.74E-15
APCDD1L-AS1	6.568570873	1.557768821	1.32E-27	6.65E-26
PIK3CD-AS2	-1.541193126	1.544877202	9.02E-11	1.15E-09
HLA-B	0.888299132	4.409611434	3.18E-13	5.27E-12
FTH1P7	1.40145999	2.547337334	5.29E-14	9.53E-13
NA	-1.453038549	2.302368088	1.08E-13	1.86E-12
RNF224	2.289556992	-0.01473172	1.05E-06	7.62E-06
SLC26A4-AS1	1.549946367	4.759536887	2.82E-45	3.61E-43
HLA-B	0.802642852	5.227128282	1.45E-13	2.47E-12
ID2-AS1	-1.807303175	1.849836326	5.29E-15	1.06E-13
NA	1.947263161	0.343173358	3.99E-07	3.16E-06
TSPY26P	-1.434011154	1.79173717	3.62E-10	4.32E-09
ITGA9-AS1	-1.208847092	1.77435226	2.64E-09	2.83E-08
KIAA0040	0.962586017	5.259594048	3.24E-20	9.93E-19
LINC00941	1.068262989	3.243083011	1.64E-12	2.52E-11
NA	-0.925780651	2.854359576	3.23E-07	2.59E-06
NA	3.96838092	1.965368921	6.30E-20	1.90E-18
HMGA1P1	0.979517904	2.797966685	4.02E-08	3.70E-07
CBR3-AS1	1.115054494	2.908670466	1.82E-10	2.24E-09
RNF223	1.887233429	2.678608099	2.07E-18	5.57E-17
NA	2.225278349	0.769236397	2.94E-08	2.75E-07
LINC00649	-0.629793962	5.93276605	2.85E-10	3.43E-09
GOLGA2P5	-0.756052767	3.818001782	2.08E-08	1.98E-07
NA	1.621939812	3.086644001	3.24E-14	5.95E-13
RNF103	0.537227213	5.897781476	7.08E-10	8.19E-09
WBP1	-1.084031725	3.023974417	2.11E-11	2.88E-10
RN7SL368P	2.910047543	0.983049627	7.82E-14	1.38E-12
PSMD12P	0.932873636	2.603352735	8.81E-08	7.73E-07
TDGF1	-1.437275556	2.643051358	3.01E-18	7.96E-17
PISD	0.598882015	4.660171659	2.76E-08	2.59E-07
NA	1.915139687	2.334705941	5.92E-18	1.51E-16
ARPIN	-0.527045332	4.848493105	6.87E-07	5.21E-06
AP5Z1	0.88281755	5.564799974	5.98E-14	1.07E-12
FTH1P23	1.352043422	2.508279776	1.05E-13	1.82E-12
PALM2	1.0800774	3.346360883	1.16E-11	1.65E-10
NAT6	0.869734663	3.546157394	2.86E-09	3.07E-08
RPLP0P2	1.370916769	2.52951928	1.95E-12	2.98E-11
APOBEC3C	0.520274818	7.78354479	1.38E-09	1.54E-08
NA	-4.661869623	0.494299396	9.30E-14	1.62E-12
RAD21L1	-1.632369083	0.642516196	2.26E-07	1.85E-06
DDX11-AS1	-1.236558562	1.501855788	2.13E-07	1.75E-06
STARD4-AS1	-1.530670897	0.693092841	9.14E-07	6.75E-06
SNHG10	-0.743884734	3.582003495	1.72E-07	1.44E-06
NA	4.259452724	0.423062961	3.70E-16	8.03E-15
LUCAT1	1.070055688	3.630650736	1.03E-11	1.47E-10
PCDHAC1	1.146078638	1.962068893	5.01E-08	4.56E-07
HMGA1P2	1.181489061	3.90224551	1.45E-18	3.98E-17
HAUS5	-0.635887137	4.937974382	1.39E-08	1.35E-07
NOP14-AS1	0.94646548	3.54252702	4.97E-11	6.47E-10
NA	-1.377233349	2.898299207	1.50E-14	2.84E-13
NA	1.146707481	1.953326255	2.78E-07	2.24E-06
KIAA1456	-2.438760102	1.219994366	1.24E-19	3.67E-18
SEPP1	-1.679877979	0.674810903	5.11E-08	4.64E-07
NA	-0.690555234	4.828669655	4.41E-07	3.47E-06
NA	-1.886761407	1.620453425	4.13E-15	8.35E-14
CCDC71L	1.233556628	5.289145466	4.10E-28	2.13E-26
PRKDC	-0.602372518	9.559500868	1.51E-09	1.67E-08
CD8BP	-2.278362825	1.194780794	9.19E-16	1.95E-14
MEX3A	-0.772267353	5.515396368	2.11E-16	4.66E-15
FAM222A-AS1	1.18305508	1.754157442	1.46E-07	1.23E-06
NA	1.972782895	0.955233377	1.08E-07	9.29E-07
NA	-1.394492197	2.507436965	6.44E-15	1.28E-13
NA	2.127674945	1.973295147	1.18E-16	2.67E-15
RARSP1	-1.29413196	3.215224608	3.12E-17	7.38E-16
NA	2.26486978	0.717493437	9.94E-14	1.73E-12
LINC00520	3.225240199	1.492012666	3.35E-21	1.10E-19
NA	-1.528255216	0.908407933	6.78E-07	5.15E-06
LINC01583	2.397332012	0.359120732	1.62E-07	1.35E-06
JHDM1D-AS1	-1.065400887	4.101914271	4.35E-20	1.32E-18
NA	-0.713940903	4.049323347	6.89E-09	7.03E-08
NA	-1.21568689	4.74786977	1.89E-32	1.31E-30
NA	-1.534917207	6.146399257	1.31E-44	1.65E-42
LINC00662	0.697767319	3.888454816	2.44E-08	2.30E-07
DLGAP1-AS2	0.522684127	7.105813455	4.46E-12	6.65E-11
FAM58A	0.602309349	4.150988169	2.64E-07	2.14E-06
C1QTNF1-AS1	-1.108995855	2.479889794	5.32E-09	5.50E-08
NBPF15	0.932556632	3.869183594	1.20E-08	1.18E-07
NA	1.244906719	5.181357292	1.77E-14	3.34E-13
NA	-1.408962618	2.544177313	3.24E-15	6.61E-14
NA	-0.848358143	2.858209504	1.79E-07	1.48E-06
NA	0.983092586	4.067278988	3.59E-13	5.89E-12
LINC00868	-1.688373434	3.622879435	2.82E-36	2.41E-34
NA	-1.508201201	1.922490794	1.29E-12	2.02E-11
NA	2.132947098	5.481054394	4.72E-47	6.64E-45
NA	0.739324341	3.219724498	7.32E-07	5.50E-06
MIR222HG	2.048351245	4.731976314	1.98E-39	2.04E-37
NA	1.843959549	3.296322523	6.72E-17	1.54E-15
RASL10B	-0.899794475	4.619738096	2.43E-16	5.34E-15
NA	-1.009946885	2.107342644	5.43E-07	4.20E-06
NUDT3	-0.515211348	7.516302844	4.39E-10	5.19E-09
NA	-0.867241308	3.797254812	3.13E-11	4.17E-10
NA	-1.401753891	4.683972586	9.01E-34	6.50E-32
NA	-1.312312964	1.436592964	3.66E-07	2.91E-06
NA	-1.203757283	2.60534441	1.87E-09	2.04E-08
NA	2.259063047	0.328590063	1.08E-06	7.83E-06
NA	-0.864387913	3.384707545	2.23E-09	2.42E-08
UHRF1	-1.18570328	4.527653325	7.15E-16	1.53E-14
DACH1	-2.225262145	1.644755705	1.81E-20	5.64E-19
NA	-1.609522858	2.095017447	3.48E-15	7.07E-14
NA	1.972500679	0.406775	9.48E-07	6.97E-06
NA	-0.882671632	4.536413122	2.50E-10	3.03E-09
NA	2.770303626	2.154041215	8.92E-25	3.72E-23
NA	-1.57713189	2.560771517	5.77E-07	4.45E-06
NA	-0.805929111	4.030259972	1.41E-10	1.76E-09
NA	-0.820430057	3.167153434	4.93E-08	4.50E-07
NA	-0.889324635	3.059271215	1.07E-09	1.21E-08
NA	-1.309791089	2.936005823	4.14E-10	4.90E-09
NA	-0.732666165	4.938516518	1.06E-07	9.14E-07
LINC00997	-1.063923374	2.406878458	2.31E-08	2.18E-07
HELLPAR	-1.467660536	2.259690453	6.60E-08	5.89E-07
SNHG4	-0.710340169	4.379488455	1.48E-09	1.64E-08
