Symbol	logFC	logCPM	PValue	FDR
TSPAN6	-0.666723908	5.677107106	2.57E-10	3.12E-09
STPG1	1.21985842	3.712484781	1.45E-15	3.38E-14
ENPP4	-0.826240833	4.948295728	3.14E-14	6.36E-13
MYH16	4.438134802	1.602654241	1.15E-15	2.71E-14
MAD1L1	0.703789083	4.594321472	1.53E-09	1.65E-08
LASP1	-0.54807629	8.376326641	1.47E-09	1.59E-08
TMEM176A	-1.719291644	4.242357744	1.30E-38	1.40E-36
PLXND1	-0.814660127	7.162923875	5.60E-19	1.80E-17
PDK4	-1.860756228	0.650710596	7.44E-08	5.91E-07
ST7	0.56677979	6.074520018	1.07E-07	8.33E-07
SKAP2	0.540203843	6.643058173	1.80E-09	1.93E-08
LIG3	0.555651902	6.158720892	1.48E-08	1.35E-07
SPPL2B	-1.200891759	6.027660678	1.73E-13	3.20E-12
BZRAP1	-1.469887646	3.515043831	1.60E-21	6.16E-20
PDK2	-0.77700962	4.037406135	1.09E-08	1.02E-07
ITGA3	1.008201646	5.406703767	4.37E-22	1.75E-20
LAMP2	-0.473504482	7.617656208	7.14E-10	8.14E-09
YBX2	-1.504405934	3.841784127	3.65E-28	2.24E-26
MAP3K14	0.796002578	4.442452625	1.91E-11	2.68E-10
TNFRSF12A	1.252856773	5.885969359	1.28E-33	1.06E-31
MAP3K9	0.654461806	6.169952827	1.65E-09	1.78E-08
BAIAP2L1	0.669105625	6.047543614	6.05E-13	1.04E-11
KDM7A	-1.266266562	7.954435023	5.15E-46	7.62E-44
ETV1	-0.558151935	6.050837109	9.55E-08	7.48E-07
PROM1	-0.918628284	5.091366966	1.07E-18	3.33E-17
CCDC124	0.947622383	5.357787492	1.02E-13	1.94E-12
PAX6	0.91179128	3.127101273	1.38E-07	1.05E-06
TSR3	0.648641423	4.604235029	1.76E-08	1.59E-07
MYLIP	-1.455248454	3.35977407	1.40E-21	5.42E-20
ADAM22	-0.722654827	5.474307586	3.89E-12	6.05E-11
AASS	1.066817288	2.607454397	6.86E-08	5.50E-07
IL32	4.308258791	2.102086526	1.78E-29	1.18E-27
MLXIPL	-1.101985869	5.628920798	1.61E-22	6.69E-21
BAZ1B	0.520927813	7.869818927	1.72E-10	2.12E-09
ZNF207	-0.555132519	8.079424825	8.67E-10	9.76E-09
NCAPD2	0.68173867	7.795342443	1.22E-12	2.02E-11
SEMA3G	-1.176146748	2.23951845	6.28E-09	6.13E-08
CD4	-1.336380419	3.5386224	3.41E-18	1.02E-16
HIVEP2	0.563011787	6.760515231	1.63E-07	1.23E-06
CLCN6	0.70493457	5.503352055	5.03E-11	6.65E-10
MBTD1	-0.572042969	6.042991405	1.59E-10	1.97E-09
PLAUR	2.185566044	5.064126183	1.91E-58	4.83E-56
RABGAP1	-0.474724011	6.476314309	1.91E-08	1.71E-07
CD22	2.95657041	2.504284264	1.38E-29	9.30E-28
CLK1	-0.961854138	6.992696975	2.82E-09	2.90E-08
GPRC5A	1.06030209	8.030456429	7.06E-25	3.66E-23
TACC3	0.586609427	5.37994907	1.81E-07	1.35E-06
DPEP1	-1.305606357	3.758097004	6.82E-22	2.71E-20
NPC1L1	2.063614867	3.027529733	7.07E-27	4.11E-25
CHDH	-0.899851944	6.440011464	8.62E-26	4.64E-24
ZFP64	1.05228363	5.148980408	4.68E-21	1.74E-19
PLEKHB1	-1.347803925	6.464145174	1.73E-34	1.49E-32
RNF10	0.567631976	7.426664884	8.40E-12	1.25E-10
BIRC3	2.505321774	4.79226058	6.05E-82	3.28E-79
PLEKHO1	0.690895927	4.156962277	2.14E-07	1.57E-06
GCLM	0.682127707	5.427130917	6.74E-11	8.77E-10
TOMM34	1.398821321	7.320640905	1.73E-43	2.32E-41
VIM	2.310418019	9.642207236	2.82E-61	7.66E-59
POU2F2	1.172515011	2.730547901	2.36E-10	2.87E-09
ANK1	-0.915327888	2.958957845	2.42E-08	2.11E-07
FUT8	1.065785327	6.116576412	2.20E-29	1.46E-27
GAB2	0.6216066	6.094510099	2.06E-10	2.52E-09
MAP2K3	0.631541407	6.23347352	1.87E-08	1.68E-07
TMSB10	0.645648808	9.435826217	6.69E-11	8.71E-10
SH3YL1	-0.884959738	3.606091194	7.61E-10	8.63E-09
VCL	0.663415719	8.442825199	4.48E-15	1.01E-13
TBC1D23	-0.633259638	6.822755734	3.91E-14	7.79E-13
CLEC16A	0.600276158	5.845445362	4.67E-09	4.65E-08
CDH1	1.886044341	6.48752943	5.97E-72	2.36E-69
FAM65A	0.541557349	7.86572246	9.23E-12	1.36E-10
RTN4R	1.272151269	2.751886565	5.81E-12	8.88E-11
TNC	3.531555242	6.696416755	6.17E-182	3.02E-178
AIFM2	0.478487218	6.212805406	4.07E-08	3.42E-07
CAPG	0.852046046	5.276266081	5.08E-14	1.00E-12
CTNNA1	0.783486144	8.774210753	3.55E-15	8.05E-14
EPHA3	-0.767784172	3.781925305	9.23E-09	8.75E-08
HSPA5	0.563848756	9.323135499	2.58E-08	2.25E-07
SCML1	-1.601800246	6.329044356	1.28E-36	1.27E-34
MAP4	0.557849726	8.612780892	3.09E-10	3.71E-09
HDAC9	3.425609671	3.579252519	1.06E-57	2.59E-55
R3HDM1	0.464784106	6.605504452	7.14E-08	5.69E-07
TNFRSF9	4.853177044	2.048987085	1.06E-37	1.11E-35
MAPK9	-0.49264695	5.870077428	8.42E-08	6.65E-07
BCAR1	0.707159836	7.282349871	1.36E-14	2.90E-13
SIKE1	-0.470494811	6.419027039	8.56E-08	6.76E-07
RRP12	0.917271562	6.988237764	2.81E-21	1.05E-19
MSMO1	1.637950752	6.278435553	1.48E-64	4.81E-62
LAMA3	1.763283263	5.797992767	1.82E-60	4.77E-58
LY75	-1.001439904	2.813512295	4.78E-09	4.75E-08
FOXC1	1.237991102	3.239075146	7.03E-13	1.20E-11
SZRD1	0.847897033	7.525213162	4.80E-21	1.78E-19
KCNH2	-0.617278036	5.151594661	2.56E-09	2.66E-08
USP36	0.444797175	7.905346603	2.41E-08	2.11E-07
IL17RB	-1.260459316	4.999755552	2.13E-27	1.28E-25
DCBLD2	1.372161587	9.748815771	5.58E-72	2.27E-69
LAMC2	3.610677758	6.526380732	1.67E-165	4.89E-162
SEC61A1	0.501328208	8.612467635	6.03E-08	4.89E-07
RASGRF1	2.352694449	1.776647721	1.05E-11	1.53E-10
ATP2B4	1.367148396	3.762794349	3.20E-13	5.71E-12
TBXAS1	-1.449760573	1.288201009	6.76E-08	5.42E-07
SLC2A3	0.623824897	5.311166774	7.48E-09	7.20E-08
PTPRU	-1.297745412	1.840955733	4.85E-08	3.99E-07
RIMBP2	-0.959177282	7.312786326	7.79E-21	2.85E-19
VMP1	1.196033642	8.002335889	5.10E-12	7.82E-11
CA11	-1.479901115	2.003731867	3.19E-12	5.00E-11
EPN1	0.628448489	6.049698078	1.02E-08	9.61E-08
AHRR	-0.876713662	6.884842669	3.27E-19	1.06E-17
GPC1	0.966890903	4.72452377	2.60E-14	5.34E-13
TM7SF3	-0.463846767	7.888287312	9.85E-10	1.10E-08
TSPAN32	-2.887361284	4.16145445	4.73E-83	2.77E-80
HIPK2	-0.54882012	8.848181897	3.18E-09	3.25E-08
SUGP2	-0.6622942	7.530998074	7.83E-10	8.85E-09
SLC12A2	-0.537417181	6.308920313	6.62E-10	7.59E-09
AP3D1	0.662574698	8.05913612	1.00E-15	2.37E-14
SLC9A3R2	0.726292491	5.612544544	6.24E-10	7.19E-09
OAT	-1.08859398	7.062927774	6.25E-40	7.04E-38
ERBB3	-0.75407231	8.478590746	1.20E-22	5.04E-21
ANKRD44	-0.81656073	3.26222461	1.82E-07	1.36E-06
PDIA5	0.676113191	4.739745162	6.73E-08	5.41E-07
SLK	0.51163731	7.308367058	1.82E-08	1.63E-07
GSTO2	-0.551115479	5.921149748	1.65E-09	1.78E-08
FAM107B	1.466368795	5.316346032	3.53E-42	4.46E-40
TIE1	3.845886242	0.261036892	1.57E-07	1.18E-06
DIP2B	0.501776226	7.195525752	1.26E-09	1.38E-08
SMARCD1	0.525750227	7.614989069	9.40E-09	8.89E-08
ELOVL1	0.858281031	6.087420514	6.32E-17	1.69E-15
MSANTD3	0.945745646	5.454576864	1.81E-20	6.46E-19
PFKP	0.594591066	7.219377833	5.97E-09	5.85E-08
IDI1	1.307205738	5.760521639	5.90E-33	4.64E-31
SP100	0.712707144	5.625111394	5.77E-12	8.83E-11
KLF6	1.800219979	7.919282243	6.86E-109	7.73E-106
SYT1	0.794104892	8.729686139	1.97E-16	5.07E-15
CBFB	0.481366317	8.665931352	8.28E-09	7.90E-08
FGFR3	-2.548338935	3.072617132	1.53E-44	2.18E-42
TFE3	0.722303494	6.370170534	1.40E-13	2.64E-12
GPKOW	0.70331474	5.38712885	3.57E-09	3.62E-08
FTSJ1	0.713759129	6.980384002	6.94E-13	1.18E-11
PRR11	1.458610974	5.800682206	9.81E-40	1.08E-37
IP6K2	-0.712872149	6.838883252	6.55E-16	1.58E-14
PPP2R5B	0.876895448	3.736151179	1.06E-08	9.90E-08
PYGM	1.50912733	1.572728486	3.29E-08	2.80E-07
PITX1	0.644342074	5.773592551	7.58E-11	9.76E-10
MAST4	0.716998978	5.986243481	2.79E-14	5.70E-13
BCL3	2.530252277	2.204823766	3.10E-22	1.27E-20
RORA	-1.241568299	4.323907884	4.91E-13	8.56E-12
TGFBR3	-0.626604614	5.385300775	3.73E-10	4.43E-09
HES2	-1.661888107	3.661039181	1.08E-29	7.31E-28
SLC44A1	-0.63007358	6.245256703	6.37E-13	1.09E-11
SMG6	0.652913894	6.405836505	3.27E-13	5.82E-12
WIPI1	1.697443907	6.096771628	8.16E-51	1.46E-48
TCOF1	0.788749993	7.270874838	1.42E-18	4.36E-17
MAP4K4	0.777078702	7.720792581	1.63E-21	6.28E-20
MGAT4A	-2.302805089	1.761204677	2.42E-16	6.17E-15
RPL31	-0.771661221	8.510685254	3.11E-14	6.31E-13
WDR1	0.586480701	7.627554755	2.62E-09	2.71E-08
RPS6KA2	0.91581645	5.133582016	5.86E-15	1.29E-13
FAM50A	0.742271468	5.561586198	8.25E-13	1.39E-11
RDH11	0.680561291	6.482610342	6.38E-13	1.09E-11
ALDH3A2	-0.585693857	6.185909691	1.10E-10	1.39E-09
TFRC	0.555532946	9.939682647	1.66E-11	2.35E-10
HMMR	0.865725415	5.433792592	6.14E-12	9.31E-11
STK10	0.644820212	5.812211346	1.79E-09	1.92E-08
AP1M1	0.610658436	5.755984639	6.98E-09	6.75E-08
PANX2	2.669259918	0.710879556	2.23E-08	1.96E-07
PDE8A	0.530160454	6.968432195	7.00E-10	7.98E-09
CLCN4	-0.671979534	4.505975694	6.17E-08	5.00E-07
GSDMB	-1.38284163	5.064124853	1.63E-11	2.31E-10
ST6GAL1	-1.259479215	3.890705999	8.07E-18	2.34E-16
PICALM	0.462909201	8.083046268	1.35E-07	1.03E-06
PPP2R2C	-1.403147558	6.119346497	3.51E-38	3.72E-36
MYDGF	0.561069077	5.913641249	3.82E-09	3.84E-08
ARHGEF10L	-0.920894784	5.485112166	2.15E-16	5.49E-15
GTSE1	0.818753884	4.56964704	2.92E-12	4.60E-11
GRAMD4	-0.686853925	3.987870626	1.09E-07	8.44E-07
FSCN1	0.768614962	7.244485494	2.22E-12	3.54E-11
ACTB	0.943611592	11.23809749	4.77E-16	1.17E-14
SEC31B	-1.235757342	4.347839509	8.42E-12	1.25E-10
UNG	-0.96517632	5.174374945	4.77E-17	1.29E-15
RGS11	-2.626035074	2.392109265	2.10E-35	1.89E-33
RAP1GAP	-0.70189986	4.477713615	1.94E-08	1.73E-07
ARHGEF1	0.568349512	6.694354064	2.36E-11	3.26E-10
NFKB2	2.112830434	5.508003118	2.05E-77	9.40E-75
IL4R	0.919104449	5.300027138	2.67E-18	8.03E-17
SNRPA	0.473969177	6.184323591	1.51E-07	1.14E-06
DYNC1I2	0.685348931	5.948334498	1.01E-11	1.48E-10
FAM76B	-0.826822336	5.910405327	1.87E-14	3.91E-13
NEBL	-0.493785335	6.587672262	8.02E-08	6.35E-07
TULP3	0.754243046	5.976816628	1.68E-14	3.54E-13
FGF20	-1.447893783	1.568169134	1.22E-08	1.13E-07
MYH7B	-2.029576267	5.198446858	8.47E-55	1.83E-52
CDH17	-1.133049539	2.709606748	7.65E-10	8.66E-09
SAR1A	-0.534423432	7.405786607	1.07E-11	1.56E-10
CEACAM1	-0.695362965	4.926217485	3.95E-10	4.66E-09
FDFT1	1.376673937	7.72734916	2.19E-48	3.65E-46
PTPRH	1.17375779	4.091956884	2.45E-15	5.60E-14
PUM3	0.668277818	6.330869842	1.47E-14	3.12E-13
CLDND1	-0.500292413	5.618312973	1.73E-07	1.29E-06
DLGAP4	0.892898693	7.167995584	2.39E-23	1.07E-21
ARG2	1.307296288	6.02044255	4.21E-27	2.48E-25
CCNT2	-0.807280999	6.157509358	7.45E-13	1.27E-11
TRAF5	-1.524978776	7.851326655	1.86E-51	3.45E-49
NFE2L1	0.599047818	8.270361426	5.22E-13	9.06E-12
ITGB5	0.634207965	7.264904279	2.29E-13	4.17E-12
DOPEY1	-0.731321252	5.52883414	1.19E-12	1.99E-11
RRAGB	-0.640225238	4.177417463	1.80E-07	1.34E-06
RPS5	-0.61591905	8.481380865	3.65E-10	4.33E-09
COL16A1	0.859063896	4.530017629	2.09E-09	2.21E-08
CD82	1.597396804	5.692538556	2.83E-51	5.18E-49
SCAMP1	-0.665736747	6.488924822	2.07E-11	2.89E-10
ZNF213	0.730534366	3.715444689	1.72E-07	1.29E-06
CPNE3	-0.585409512	7.176784533	3.39E-09	3.45E-08
B4GALT1	0.897793245	6.454586862	1.31E-20	4.72E-19
CEACAM6	2.683647345	1.332904804	5.16E-14	1.02E-12
PPP1R15A	1.478872413	7.152132486	4.76E-44	6.58E-42
LPCAT2	-1.357985046	4.966820621	2.55E-36	2.48E-34
TXNDC16	-1.131560937	3.389229086	2.71E-14	5.56E-13
SF3B2	0.632728463	8.673845634	6.82E-10	7.80E-09
KLHL42	-0.695191311	6.475969018	1.28E-13	2.42E-12
AURKA	0.786175262	5.222267747	9.19E-12	1.36E-10
PIR	1.062904802	5.460285998	1.66E-24	8.28E-23
PTPN4	-0.54215738	5.525731274	9.10E-08	7.16E-07
TPX2	0.771938324	7.435919945	5.98E-11	7.86E-10
FER1L4	-1.035157202	3.002883896	1.15E-08	1.07E-07
SMOX	0.554342474	6.172418835	1.91E-09	2.04E-08
FKBP1A	0.48177055	7.761061055	1.33E-07	1.02E-06
EBF4	-2.03559445	3.092898698	9.23E-34	7.64E-32
PXN	0.855421631	7.056207585	3.61E-23	1.59E-21
KIF16B	0.675047913	6.262195745	1.29E-12	2.13E-11
FXYD5	1.17250263	4.949605354	1.68E-12	2.74E-11
ARHGAP4	-0.757593442	5.624945036	2.02E-13	3.70E-12
LTBP4	-0.776219986	6.515055941	3.00E-14	6.10E-13
SLC9A1	0.750961977	4.917291936	1.70E-11	2.41E-10
YPEL3	-0.857514963	3.905829986	6.46E-10	7.42E-09
EFNB1	1.059163111	4.478452275	6.42E-17	1.71E-15
KIF4A	0.889506324	5.745884997	2.57E-13	4.64E-12
DLL3	-1.545677525	1.002188165	9.90E-08	7.74E-07
ITGA6	0.449157776	9.157637612	7.24E-08	5.76E-07
RAPGEF4	-0.663539369	5.659435127	2.10E-12	3.36E-11
NA	0.571199784	7.323028643	1.40E-12	2.31E-11
CDV3	0.472315966	8.443063365	3.82E-08	3.22E-07
MYO15A	-2.57111681	3.488677205	5.82E-54	1.24E-51
ANGPT2	2.116516332	2.744750585	4.33E-22	1.74E-20
G2E3	-0.49326725	5.5579774	2.20E-07	1.62E-06
SEMA6A	-1.412436883	3.637742046	8.96E-19	2.82E-17
COL9A3	-2.213201676	4.850597064	1.17E-76	5.20E-74
EZR	1.359264279	9.553148691	9.84E-42	1.20E-39
RFFL	0.582625282	5.227502991	1.29E-08	1.20E-07
UNC13D	1.283404418	4.528964245	4.77E-19	1.54E-17
DPYSL2	-1.525577019	7.893050749	4.73E-57	1.08E-54
HOOK2	-0.751835679	5.008207983	4.50E-11	5.97E-10
PTGS1	1.957831329	2.647415641	2.80E-19	9.18E-18
SEMA4G	-0.609512791	5.130847747	3.82E-09	3.84E-08
BTAF1	-1.405980758	7.738548264	1.24E-21	4.85E-20
IKZF5	-0.617157113	5.662970406	1.30E-10	1.62E-09
BAMBI	-0.895573433	6.737933557	6.78E-25	3.52E-23
ITPR3	0.507430309	8.768443261	9.12E-09	8.64E-08
ABL1	0.504730048	6.824804894	8.57E-09	8.15E-08
SCD	1.060140173	10.08583879	7.77E-43	1.02E-40
NRP1	2.340822785	3.472896588	3.07E-36	2.96E-34
KCNK6	0.764581804	5.397804036	2.75E-14	5.63E-13
MISP	0.811031651	7.047411225	2.04E-13	3.74E-12
POLRMT	0.570255088	5.611540029	2.15E-08	1.90E-07
HCN2	-1.214567189	2.109592472	9.81E-09	9.25E-08
GADD45B	1.231515135	4.448450147	2.00E-20	7.11E-19
PALM	-1.808273965	2.080526924	3.66E-16	9.12E-15
MKNK2	0.569475668	7.48037517	1.35E-09	1.48E-08
MED15	0.698965297	6.198875845	7.36E-12	1.10E-10
P2RX6	-1.488165188	2.636890191	7.75E-17	2.05E-15
SLC35E4	0.755135806	4.165525054	7.53E-09	7.24E-08
LGALS1	2.333884339	7.012673718	5.82E-49	1.00E-46
MICALL1	0.766889621	5.478427654	9.58E-14	1.83E-12
03-sep	-1.294584152	2.145439121	5.76E-10	6.68E-09
DDX17	-1.053376092	10.1559343	3.66E-14	7.32E-13
JOSD1	0.49296869	7.108378124	5.87E-09	5.76E-08
TOM1	0.619164551	5.143252159	7.95E-09	7.62E-08
BIK	2.836152739	5.837986452	4.59E-145	9.61E-142
HMOX1	2.761802324	1.618970887	3.00E-12	4.70E-11
TTLL12	0.694152866	7.347785177	7.25E-11	9.38E-10
CBX7	-0.889553968	2.695730355	1.78E-07	1.33E-06
ZMAT5	0.983088307	2.785716676	4.82E-08	3.97E-07
SYNGR1	-1.195215062	4.130490097	1.09E-20	3.95E-19
PNPLA3	0.791975186	4.031101739	1.29E-07	9.90E-07
MYH9	0.842242778	10.08677772	1.51E-23	6.86E-22
RANGAP1	0.892726439	7.609889574	1.36E-20	4.88E-19
ABHD4	1.053367972	4.357635023	1.38E-14	2.94E-13
CNIH1	-0.485505729	7.26024081	3.94E-08	3.31E-07
GSTZ1	0.866160833	4.043239407	2.00E-08	1.78E-07
DAAM1	0.645039495	6.213527314	3.26E-13	5.81E-12
SRSF5	-1.513025868	8.513033487	2.77E-16	7.01E-15
DICER1	-0.572392202	6.88991868	6.44E-10	7.40E-09
NFKBIA	1.164253147	4.990130461	1.33E-21	5.17E-20
PNN	-0.590346513	8.489100709	3.25E-08	2.78E-07
PLTP	-0.851627426	3.828214255	1.34E-10	1.67E-09
PYGB	0.956646314	8.323052241	5.89E-22	2.35E-20
ABHD12	0.697883514	5.521869812	1.10E-10	1.39E-09
NFATC2	1.108168894	3.65104349	1.12E-12	1.87E-11
NTSR1	1.148423322	7.80857358	4.56E-31	3.29E-29
DIDO1	-0.47866636	7.635579419	1.69E-07	1.27E-06
SLC17A9	-0.649758736	6.625089106	3.26E-08	2.78E-07
TRIB3	1.219209277	8.591596724	4.10E-34	3.43E-32
HM13	0.634695909	7.453078704	1.07E-11	1.56E-10
FERMT1	0.710697229	7.489554282	4.19E-18	1.25E-16
PLCB4	-0.900686767	4.094721282	9.85E-13	1.66E-11
JAG1	1.117891274	8.039230419	8.26E-35	7.21E-33
E2F1	-0.83316526	4.097624252	6.72E-12	1.01E-10
DNTTIP1	1.223190678	6.270243575	9.81E-29	6.30E-27
POLI	-1.137731833	3.815325595	7.43E-14	1.44E-12
VSIG1	4.613610598	4.20291151	2.91E-80	1.42E-77
AMMECR1	0.476789522	6.561613764	1.07E-07	8.32E-07
PLP2	0.639161345	8.448782872	1.13E-07	8.78E-07
PCYT1B	1.449901191	2.369038763	1.16E-10	1.46E-09
HTATSF1	0.49345917	7.087067955	3.44E-08	2.91E-07
GABRE	-1.350258969	3.971298127	1.12E-15	2.64E-14
PORCN	1.876413063	6.213568472	1.72E-77	8.13E-75
CENPI	0.836320597	3.847992591	6.49E-09	6.31E-08
PBDC1	0.665259741	5.673466705	1.29E-11	1.86E-10
NDFIP2	-0.701497472	6.979079647	1.12E-16	2.93E-15
CAB39L	-1.065802372	5.491135165	3.75E-24	1.80E-22
PARP4	0.573553304	7.424480899	2.06E-11	2.88E-10
RGCC	2.516053621	1.842822706	9.36E-15	2.03E-13
TSC22D1	-0.750539386	8.132002842	6.25E-20	2.15E-18
NUP93	0.447184292	6.905413599	1.59E-07	1.20E-06
CCDC113	0.560432741	4.841479361	2.12E-07	1.56E-06
SETD6	-0.718659013	5.663216309	1.34E-13	2.54E-12
SLC38A7	0.661501444	5.442051908	5.08E-11	6.71E-10
VAC14	0.513660109	7.23158365	8.32E-09	7.93E-08
TANGO6	0.486898873	6.436782548	3.01E-08	2.58E-07
SLC7A6	-0.566121757	7.586549361	1.07E-09	1.19E-08
FA2H	1.723086744	3.945690634	2.13E-30	1.49E-28
COTL1	0.84456575	5.728090754	1.76E-12	2.87E-11
STX4	0.68327154	5.018027097	2.91E-10	3.50E-09
IL21R	3.201927781	0.315449889	5.63E-10	6.53E-09
RNF40	0.577428725	6.604085207	1.00E-08	9.46E-08
KNOP1	0.726885607	6.017746597	1.22E-14	2.62E-13
IQCH	-1.168587548	5.783993246	4.45E-34	3.70E-32
CORO2B	2.854487436	2.765504214	1.07E-23	4.95E-22
RAB11A	-0.502725753	7.04887178	8.22E-09	7.85E-08
CD276	1.10002702	6.316674501	3.14E-21	1.17E-19
CEMIP	-0.629084806	9.030953318	3.87E-16	9.57E-15
RPAP1	0.554176891	5.871882239	3.57E-09	3.62E-08
EHD4	1.085561971	7.138584369	2.99E-25	1.58E-23
VPS18	1.07511732	5.326861898	1.27E-14	2.72E-13
MYEF2	-0.942364117	6.310079546	1.48E-17	4.18E-16
ZDHHC2	-0.503434504	5.772101502	1.02E-07	7.96E-07
RIPK2	0.688955891	5.22734345	2.99E-10	3.58E-09
ESRP1	-0.750751054	5.502074311	5.94E-15	1.31E-13
NDRG1	1.375355223	4.596768638	2.54E-22	1.04E-20
SQLE	1.71304308	6.760301691	1.11E-80	5.80E-78
GSR	0.602866412	7.170573604	3.38E-11	4.55E-10
KCNN4	2.653096343	0.800559622	2.17E-08	1.92E-07
SNRNP70	-0.648432255	7.641031192	1.69E-09	1.82E-08
RELB	2.123866491	4.200687947	1.18E-50	2.09E-48
FCGRT	-1.264440591	4.117011293	1.52E-22	6.32E-21
PPP1R13L	0.612952678	5.126352426	4.90E-08	4.03E-07
DOT1L	0.532579744	6.322662396	4.32E-08	3.60E-07
SGTA	0.59019813	6.351262606	8.92E-10	1.00E-08
PPP6R1	0.82681615	6.474699642	1.85E-15	4.28E-14
ZNF419	-0.79052665	3.648354829	1.45E-08	1.32E-07
PIAS4	0.633456717	4.650709589	5.91E-08	4.80E-07
CCDC94	0.766903005	4.180348858	1.96E-09	2.09E-08
TJP3	-1.873054071	0.840096465	3.22E-08	2.75E-07
BBC3	0.906402893	4.523730526	3.91E-14	7.79E-13
TGFB1	0.746333069	6.800053927	6.50E-11	8.48E-10
PLIN3	1.160753746	6.04093773	8.61E-24	4.03E-22
CLEC11A	-1.501903309	3.152591916	7.43E-21	2.73E-19
CARD8	-0.663970821	4.890217505	1.39E-08	1.28E-07
PLA2G4C	1.846222205	1.588269982	2.49E-09	2.60E-08
RAB3D	-1.191871235	3.312607879	6.40E-14	1.25E-12
PPP2R1A	0.815838004	7.820290622	8.97E-12	1.33E-10
USF2	0.749347366	6.152892433	1.28E-14	2.73E-13
SCN1B	-1.236765724	2.78985446	1.02E-11	1.50E-10
ATP13A1	0.587382239	6.455920575	4.19E-10	4.92E-09
SMG9	0.589421902	5.380775034	1.75E-08	1.58E-07
CDK6	-0.564796294	9.243263526	2.80E-11	3.82E-10
DNAJC2	0.4784013	6.301046238	1.85E-07	1.38E-06
OGDH	0.791878231	7.241909248	1.60E-17	4.49E-16
H2AFV	-0.517064153	7.211103676	6.72E-10	7.69E-09
CAV2	0.761486565	5.288446566	1.80E-12	2.92E-11
CAV1	1.962748587	5.063489427	2.35E-39	2.55E-37
MET	0.781503298	8.527448229	1.21E-18	3.76E-17
HOXA3	-0.776341594	4.604369739	3.21E-11	4.35E-10
LFNG	-1.445132378	3.765014518	1.75E-24	8.65E-23
TAX1BP1	0.553958872	7.65155643	2.51E-09	2.62E-08
GRB10	0.95161002	4.87565394	6.83E-16	1.64E-14
NSUN5P2	-0.909415302	4.188335717	7.47E-09	7.19E-08
CYP3A5	-1.119464534	2.895685171	4.62E-10	5.41E-09
ZKSCAN1	-0.626219289	8.508137156	3.23E-15	7.35E-14
SNX8	0.81817825	5.231185574	6.38E-15	1.40E-13
PTPRZ1	1.112768962	5.604338147	1.22E-24	6.17E-23
RBM28	0.532275326	7.269076516	1.32E-07	1.02E-06
SERPINE1	1.676978555	6.167612224	3.62E-63	1.06E-60
C1GALT1	-0.494956792	6.407176173	9.07E-09	8.61E-08
PHF14	0.562942282	7.311005211	1.34E-11	1.92E-10
MEST	-0.521310699	6.350705218	2.10E-07	1.55E-06
RARRES2	-1.633769511	1.782752266	1.29E-12	2.13E-11
TMEM176B	-1.733825602	3.970504275	5.66E-33	4.48E-31
MRPL32	-0.598220182	5.641369366	4.27E-09	4.28E-08
YKT6	0.478305811	7.030913823	3.44E-09	3.50E-08
CLIP2	0.73346028	7.558471187	3.31E-16	8.32E-15
SPATA6L	-0.882891978	3.53883798	1.28E-07	9.85E-07
MEGF9	-0.59522566	5.518598733	5.48E-09	5.42E-08
LHX6	0.718198469	4.456917661	2.09E-08	1.85E-07
AKNA	0.772609512	4.100971324	1.56E-09	1.69E-08
KCNT1	-1.889470018	3.410114798	2.19E-34	1.86E-32
CA9	-2.206484566	2.58248754	1.08E-28	6.81E-27
RAPGEF1	0.63503281	5.429198488	1.53E-09	1.66E-08
NPDC1	-0.854953452	5.207347911	1.30E-08	1.20E-07
ABCA2	-1.612097409	5.768017821	2.70E-37	2.78E-35
SHB	0.754562508	4.304022272	1.40E-09	1.53E-08
DVL1	0.650274695	6.682416345	9.12E-11	1.17E-09
DNMBP	0.841734873	5.107296257	2.02E-15	4.62E-14
RAB11FIP2	-1.019649992	6.544885377	2.26E-30	1.57E-28
EIF3A	0.481530107	9.637417564	4.60E-08	3.81E-07
UNC5B	0.787975276	4.972381874	7.51E-14	1.45E-12
C10orf54	1.286356551	3.156828997	3.94E-13	6.96E-12
OBFC1	0.947619899	4.502356144	8.67E-11	1.11E-09
TFAM	-0.494390635	7.753975435	9.60E-11	1.23E-09
UBE2S	0.761851018	3.885889358	2.58E-08	2.25E-07
RAPGEFL1	-0.957382472	3.077090191	6.26E-09	6.11E-08
RNF43	-0.613494047	6.609070212	3.95E-12	6.12E-11
CDK5RAP3	-1.100615819	6.42754231	1.12E-23	5.15E-22
ENO3	-0.902245091	5.419825692	1.87E-19	6.19E-18
PFN1	0.75380445	9.115533021	3.60E-09	3.64E-08
CPD	-0.567512725	7.639107433	1.10E-11	1.59E-10
FTSJ3	0.622765814	6.834256134	1.55E-10	1.92E-09
DDX5	-0.591356063	10.16785332	6.87E-08	5.50E-07
KAT2A	-0.537476577	5.940832523	1.62E-07	1.22E-06
LRRC59	0.675625945	7.712870594	1.98E-10	2.42E-09
ABCC3	-0.658197037	5.724062513	1.64E-12	2.68E-11
LUC7L3	-0.943791735	8.628666327	6.63E-12	1.00E-10
SLC16A6	0.668882005	5.92540426	3.74E-12	5.81E-11
EFNB3	-1.634110432	2.859601528	1.99E-20	7.10E-19
MAP2K6	-0.701934063	4.254562202	3.96E-08	3.33E-07
SLC9A3R1	0.681242797	6.035494488	8.83E-10	9.92E-09
TMEM104	0.888075162	4.401759425	2.04E-13	3.74E-12
TNFAIP1	0.653634531	5.645693619	1.82E-10	2.24E-09
CDR2L	1.216464343	4.636667995	1.17E-23	5.34E-22
KIAA1211	0.64575868	4.682222655	3.50E-08	2.95E-07
NFKB1	0.82070718	5.501899335	7.71E-14	1.49E-12
CPE	-1.017747947	3.725382241	6.49E-14	1.27E-12
SEPSECS	-0.539047083	5.553685882	1.37E-07	1.05E-06
TRIM2	-0.852713234	5.370655376	6.99E-16	1.68E-14
B3GAT1	-1.20183688	4.374572084	1.80E-24	8.83E-23
DTX4	-1.682703209	2.174552822	1.85E-15	4.28E-14
EHD1	1.071879743	6.418547142	7.66E-22	3.03E-20
ST3GAL4	0.869192037	4.311380882	2.96E-12	4.65E-11
CCDC86	0.761257648	6.23982426	1.89E-08	1.70E-07
TMEM109	0.581750865	6.149761189	6.69E-10	7.66E-09
FOLR1	-0.961216586	3.413010341	5.82E-10	6.73E-09
ARHGEF17	-1.142660369	3.270026066	1.92E-12	3.11E-11
CEP126	-0.843267343	3.264044067	4.74E-08	3.92E-07
EIF4G2	0.611069766	10.42704718	2.13E-13	3.89E-12
DDX6	-0.437461996	8.728524022	5.62E-08	4.58E-07
FBXO3	-0.661622412	5.65625747	9.12E-12	1.35E-10
ACCS	-1.104608973	5.61989582	4.60E-13	8.03E-12
AMBRA1	0.776292826	6.222216209	4.95E-18	1.47E-16
SLC35F2	0.49589838	7.078265483	2.73E-08	2.37E-07
C11orf21	-2.667103955	4.098494276	1.71E-80	8.63E-78
EXPH5	0.635339242	6.263120298	1.89E-08	1.70E-07
CORO1C	0.471107854	8.301422857	1.70E-07	1.28E-06
ASIC1	-0.719395153	5.328180607	4.55E-12	7.02E-11
CAPRIN2	-0.80371999	5.557734427	4.54E-09	4.53E-08
MVK	1.62348792	4.085880715	8.54E-27	4.92E-25
IL23A	1.580653369	5.489424219	9.51E-47	1.45E-44
TNS2	-1.050202306	3.322748166	1.05E-11	1.53E-10
ELK3	1.410094679	5.589560194	6.70E-37	6.73E-35
VPS29	-0.574341346	6.016930024	5.63E-10	6.53E-09
CREBL2	-0.585966739	6.389579722	1.70E-10	2.10E-09
CPSF6	-0.875022514	7.827929514	1.61E-24	8.03E-23
NOP2	0.489373612	7.327568393	1.16E-07	8.94E-07
GNB3	-1.10736796	2.484078876	1.48E-09	1.60E-08
C12orf57	-0.653710903	4.863716976	2.70E-08	2.35E-07
C2CD5	-0.52452488	8.064661969	1.90E-11	2.67E-10
FGFR1OP2	-0.579413415	7.102840618	1.28E-10	1.60E-09
TMEM14C	-0.549468138	5.218816513	1.79E-07	1.34E-06
NEDD9	-1.219480252	2.852306171	7.92E-12	1.18E-10
SASH1	-0.693384582	5.390710824	7.09E-11	9.20E-10
PPARD	1.323186279	4.929193313	4.74E-32	3.56E-30
MAPK14	-0.643154734	6.75568825	3.12E-14	6.34E-13
MDGA1	1.874888767	1.963410917	9.78E-11	1.25E-09
ICK	-0.64292019	7.487452678	5.25E-15	1.17E-13
FBXO9	-0.676336323	6.224900854	8.34E-13	1.41E-11
BACH2	1.827519433	1.961382229	9.65E-11	1.23E-09
MED23	-0.562779235	6.5979095	5.78E-09	5.68E-08
EYA4	-1.689644842	3.829304556	1.83E-33	1.49E-31
SLC16A10	-1.262044437	4.993457077	1.24E-30	8.78E-29
MDFI	0.766390571	3.61664446	1.50E-07	1.14E-06
SMOC2	-2.331800968	6.030834858	9.36E-131	1.25E-127
BYSL	0.664399147	5.044851726	4.87E-08	4.01E-07
PTK7	-0.918788847	7.920968972	5.51E-30	3.79E-28
COX7A2	-0.749409887	6.134718533	1.48E-13	2.78E-12
TMEM30A	-0.61348476	7.368562326	2.01E-12	3.23E-11
VEGFA	-0.80315746	7.204951824	5.73E-14	1.12E-12
HMGCS1	1.843960512	7.750595185	2.50E-96	2.15E-93
DAP	0.827431662	6.661308121	1.75E-13	3.23E-12
KIF20A	0.704877106	4.90826025	1.43E-09	1.56E-08
HBEGF	0.803538155	3.518973048	6.30E-08	5.09E-07
HMGCR	0.789338699	7.208053819	1.31E-21	5.12E-20
CLK4	-1.030176718	4.830768493	6.09E-09	5.96E-08
ARSB	0.851183107	4.457611665	6.12E-12	9.30E-11
RASGRF2	0.8270415	4.76450251	2.01E-11	2.82E-10
FAM172A	-1.085379281	2.247029827	9.10E-08	7.16E-07
TTC33	-0.626460217	4.676061521	3.10E-08	2.65E-07
HMGXB3	0.476634877	6.745760946	1.53E-08	1.40E-07
DBN1	0.576894185	7.191876988	4.36E-08	3.62E-07
AMOTL2	0.861627319	4.901796858	2.22E-12	3.54E-11
RBP1	1.010115968	7.525389273	1.75E-31	1.29E-29
SLC25A36	-0.911555863	7.406079604	1.69E-21	6.48E-20
BCHE	-1.534512775	2.695188225	1.79E-17	4.98E-16
PFKFB4	0.93944115	4.006770543	6.83E-12	1.03E-10
PRKAR2A	0.516011624	7.306698072	3.13E-08	2.68E-07
HYAL1	1.863597524	3.39897991	1.71E-17	4.77E-16
MAPKAPK3	0.612014824	6.188409272	1.09E-10	1.37E-09
EEF1B2	-0.857682782	6.123241112	1.01E-19	3.44E-18
CCL20	1.745299268	2.241868935	6.13E-16	1.49E-14
NCL	0.603554487	10.70188068	5.13E-09	5.09E-08
SLC35F5	-0.634936516	6.469164726	2.11E-11	2.94E-10
GPD2	-0.538469326	6.141457233	1.32E-09	1.44E-08
ACVR1	0.758976855	4.21700807	9.51E-09	8.99E-08
SPTBN1	0.906144424	9.513159251	2.43E-23	1.09E-21
RTN4	0.471644191	8.517945814	2.68E-08	2.33E-07
FN1	2.336802949	3.211842229	2.00E-31	1.47E-29
SF3B1	-0.441473959	8.757952386	2.24E-08	1.97E-07
FHL2	0.591751992	5.605463906	3.03E-08	2.61E-07
HDLBP	0.533809596	9.239350832	8.06E-08	6.38E-07
PPP1R7	0.665461002	5.882689553	4.08E-08	3.42E-07
PROC	-2.222614349	0.620795702	1.14E-08	1.06E-07
HPCAL1	0.807607178	6.617788976	2.26E-19	7.46E-18
QPCT	-0.856565874	5.136229628	6.77E-15	1.48E-13
SRSF7	-0.49783915	7.501646407	1.40E-08	1.28E-07
WIPF1	0.889671325	6.195692685	9.44E-19	2.96E-17
AAK1	1.073499657	6.32999126	6.05E-20	2.08E-18
TIA1	-0.924575434	7.015682214	3.20E-16	8.05E-15
DHCR24	0.688596157	7.513085692	5.21E-15	1.16E-13
RALGPS2	-0.711417796	5.372205929	5.96E-12	9.05E-11
TMEM59	-0.723344092	6.834542429	6.66E-18	1.95E-16
ERRFI1	0.633865076	7.385629689	4.38E-15	9.86E-14
RNF19B	0.914086187	4.092879675	1.75E-11	2.47E-10
IVNS1ABP	-0.585794095	6.983051351	2.73E-12	4.31E-11
MFN2	0.494581774	7.315444322	1.13E-08	1.05E-07
MIIP	0.786975498	4.069483078	2.49E-09	2.60E-08
NCF2	2.648620015	0.431287353	1.39E-07	1.06E-06
GADD45A	0.488856124	6.804272357	8.56E-08	6.76E-07
PLEKHM2	0.543566088	5.753583934	3.04E-08	2.61E-07
CD58	0.629505782	4.61806556	4.00E-08	3.37E-07
KIF21B	0.655914604	6.187744187	3.88E-11	5.19E-10
MAP7D1	0.585946468	6.447679225	9.27E-08	7.27E-07
LGALS8	-0.533584733	7.304501164	1.54E-11	2.19E-10
BMP8B	-1.029342176	3.621951639	2.65E-13	4.77E-12
MFAP2	-0.785247104	3.909061685	1.40E-07	1.07E-06
ECE1	0.582031465	7.250516472	2.63E-09	2.72E-08
CD46	-1.2867916	8.85786657	3.98E-45	5.83E-43
CDC20	1.000682057	5.382757924	1.22E-15	2.87E-14
PLPPR4	-1.665511232	0.86713196	1.86E-07	1.38E-06
RCOR3	-0.602362372	5.731090726	5.12E-09	5.08E-08
PROX1	-0.93008694	8.84364666	5.13E-27	2.99E-25
CENPF	0.879265166	8.013423949	4.80E-24	2.27E-22
CD3EAP	0.679627438	5.069719603	3.10E-11	4.20E-10
KIF14	0.721041688	5.242139522	3.43E-11	4.61E-10
NRP2	1.34591317	5.919713281	4.97E-41	5.87E-39
MYB	-1.165186257	5.016861719	1.19E-28	7.40E-27
RNF146	-0.541586472	5.585143837	1.55E-07	1.17E-06
FBXL5	-0.562373854	5.188003119	4.51E-08	3.74E-07
MED28	-0.630107965	6.977978367	2.06E-10	2.52E-09
PKD2	-0.761881359	5.333943661	3.49E-14	7.01E-13
UBN1	0.524197918	6.739862001	1.88E-09	2.01E-08
KLF12	-0.80791126	6.218197847	8.94E-17	2.35E-15
UCHL3	0.679790061	4.894759711	1.02E-07	7.95E-07
KLF9	1.839200924	3.178396732	1.21E-27	7.32E-26
NEK6	0.582969105	6.29390513	1.98E-07	1.47E-06
TMEM214	0.654737818	6.266507296	6.96E-11	9.03E-10
FAM98A	0.614769482	6.372978788	2.83E-10	3.42E-09
CRIPT	-0.660852377	4.16719697	6.91E-08	5.52E-07
CUTC	0.613520226	4.745344611	2.41E-08	2.11E-07
AVPI1	1.194708823	3.825265813	2.00E-15	4.59E-14
GOT1	0.968125786	5.826428536	1.78E-17	4.97E-16
HOXB5	-0.86486114	5.04691934	1.29E-09	1.42E-08
MRPS14	-0.584447892	5.217443657	2.24E-07	1.64E-06
ACAT2	1.522640345	5.42004053	4.76E-37	4.87E-35
KIAA1217	1.003097178	5.796286162	1.41E-22	5.87E-21
DNAJC15	-1.278669984	5.647166519	7.58E-32	5.64E-30
SMAD9	-1.56344805	1.766014405	3.78E-11	5.05E-10
TGFBI	-0.896369684	6.970166924	1.24E-14	2.65E-13
EGR1	0.924076424	7.108690051	2.55E-26	1.44E-24
UTP20	0.61787438	6.572363025	7.73E-11	9.95E-10
MTERF2	-1.024570813	3.708088772	9.03E-13	1.52E-11
CLU	1.378056916	2.325966857	9.77E-10	1.09E-08
LYPLA1	-0.567926237	6.540552465	3.15E-11	4.27E-10
TRIM25	0.506188329	7.71613816	2.35E-10	2.87E-09
TBX2	0.668843991	4.688572531	1.23E-08	1.14E-07
NCAPH	0.628432698	5.100996294	2.14E-07	1.58E-06
CEP89	0.626789824	4.825552498	1.33E-08	1.23E-07
ECHDC2	-1.29556173	4.089943894	1.08E-12	1.80E-11
DEPDC7	-1.434015528	6.043413427	4.18E-53	8.40E-51
ZMYM2	-0.540069928	7.527423361	5.81E-11	7.64E-10
POLM	0.811323352	5.732712868	9.69E-15	2.10E-13
PLAU	3.397288809	4.746921895	8.05E-100	7.37E-97
BICC1	-0.819190219	5.634609749	1.13E-17	3.21E-16
CIT	0.804696882	6.829325171	3.17E-17	8.66E-16
DDX54	0.708102999	6.771970717	1.92E-11	2.69E-10
ITPR2	-0.94336128	7.759257833	3.87E-26	2.17E-24
ADGRE5	0.550536891	7.143085751	1.98E-08	1.76E-07
OPTN	0.879723331	6.954140899	7.48E-14	1.45E-12
MMP19	1.773819212	2.857362724	2.98E-17	8.16E-16
PFDN5	-0.608281612	7.113095773	2.44E-12	3.86E-11
LRP1	-0.77162105	6.29268434	5.33E-14	1.05E-12
HOXC11	-1.239350258	2.799454543	7.25E-11	9.38E-10
SARDH	-0.793879796	3.746907837	7.57E-09	7.27E-08
HJURP	0.605951881	4.942248217	1.56E-08	1.42E-07
RAB9B	-1.714936794	1.211473736	2.52E-09	2.62E-08
FAM199X	-0.625556268	7.820468417	2.23E-15	5.10E-14
ACSL3	0.709443175	7.412832183	1.03E-12	1.73E-11
CHPF	0.822053795	6.659285056	4.65E-09	4.63E-08
FAM210B	-0.729056688	5.312712274	4.77E-12	7.35E-11
SDC4	1.305628091	7.065131178	1.28E-47	2.03E-45
SRSF6	-1.002392062	8.281684106	2.46E-29	1.62E-27
RAB22A	0.781156087	7.641704037	5.35E-20	1.85E-18
PPP4R1L	1.434005638	3.272880141	2.53E-11	3.48E-10
PMEPA1	0.74108222	6.722654483	1.40E-15	3.29E-14
DDX27	0.637453115	7.312068826	6.32E-13	1.09E-11
NEURL2	-1.355882297	2.243513661	6.97E-09	6.74E-08
ATP8A1	-1.212619899	3.042310938	1.55E-13	2.89E-12
SIRT5	-0.851223435	4.29069123	3.33E-13	5.91E-12
RRP36	0.625366296	5.306763417	4.73E-09	4.71E-08
HIST1H2BJ	1.884861298	1.327362647	2.65E-09	2.74E-08
KLHL31	-1.841093361	2.757636318	4.32E-24	2.05E-22
SOX4	0.940804597	9.235101902	4.88E-30	3.37E-28
RUNX2	1.330512669	2.296001837	5.42E-09	5.36E-08
LRRFIP1	0.612340482	7.885425199	1.62E-12	2.65E-11
RAB17	-0.884437275	5.442794504	2.28E-17	6.30E-16
AHNAK	1.88128845	9.604765231	5.93E-42	7.43E-40
MT2A	1.257222923	3.994414799	6.73E-17	1.79E-15
EFNB2	0.531543172	8.178478142	3.06E-09	3.13E-08
BMP4	-0.55988808	6.693852577	1.17E-09	1.29E-08
ARMC7	0.63496485	4.876322193	5.76E-09	5.66E-08
MIF4GD	0.766517807	4.925132533	5.59E-10	6.49E-09
PAX8	0.930575692	3.573979108	9.23E-10	1.03E-08
C3	4.658300859	3.37324245	3.31E-82	1.87E-79
OPA3	0.689079332	5.431518493	1.87E-11	2.64E-10
VASP	0.639371767	7.052879543	4.43E-09	4.43E-08
SDCBP2	1.6261409	3.495283691	5.10E-21	1.88E-19
DTD1	0.596852443	5.946703329	3.36E-08	2.86E-07
RBCK1	0.781773456	8.474409007	4.44E-20	1.55E-18
TMX4	-0.633157116	7.005567975	1.01E-13	1.92E-12
TMEM74B	-1.599393854	3.653633698	1.60E-26	9.15E-25
EIF2S2	0.515944788	7.498427212	2.88E-08	2.48E-07
CEP250	0.607792239	7.060660638	1.06E-10	1.34E-09
MCF2L	-0.516281957	6.836249196	1.78E-09	1.91E-08
F10	-1.787850679	4.221671197	2.51E-43	3.32E-41
CAPNS1	0.771336354	7.722679914	1.44E-07	1.10E-06
RRAS	1.506889572	2.546206603	9.38E-12	1.38E-10
SCAF1	0.558052964	6.304129487	3.55E-09	3.60E-08
ASL	0.77286434	3.577007407	1.04E-07	8.13E-07
WNK4	-1.1824324	3.064905986	2.83E-13	5.09E-12
NSRP1	0.866327494	5.958327998	1.11E-18	3.44E-17
L3HYPDH	-0.989114797	3.792597267	1.22E-09	1.34E-08
ZBTB1	-0.635932099	5.725768624	3.12E-11	4.23E-10
PLEKHG3	0.68149953	6.769088039	1.59E-11	2.26E-10
AIF1L	-0.80411221	4.554134216	1.94E-12	3.13E-11
MAP2K2	0.648566137	6.166269392	5.19E-10	6.05E-09
BCL11B	-1.418413518	1.600074023	6.32E-08	5.10E-07
FGFRL1	-1.380521151	8.155867367	1.17E-51	2.22E-49
KLF2	3.10182393	2.662322721	6.18E-42	7.67E-40
F2RL3	-0.913730979	3.07755453	1.42E-08	1.30E-07
SMARCA4	0.563085813	8.354361101	6.67E-12	1.01E-10
METTL25	-1.331269953	1.777255462	1.95E-08	1.74E-07
VIL1	-0.965853342	7.720498546	1.81E-23	8.15E-22
POR	0.706766981	5.720851834	1.93E-12	3.12E-11
GNAI1	-0.817685506	5.649381523	7.64E-18	2.22E-16
CASD1	-0.658985812	4.68317503	7.00E-08	5.59E-07
YWHAH	0.671659923	7.093868414	1.12E-09	1.24E-08
MGAT3	-2.108504981	2.960196509	2.36E-33	1.90E-31
CDC42EP1	1.08296361	6.070971099	1.49E-23	6.76E-22
BAIAP2L2	-0.623784078	5.192182002	2.42E-09	2.54E-08
RAC2	1.349931151	2.457596778	4.07E-08	3.41E-07
LIF	1.214272235	4.582202137	2.48E-20	8.75E-19
KRT17	3.899238863	1.640272028	3.88E-23	1.70E-21
SPECC1	0.581581042	5.86666656	4.14E-08	3.46E-07
DNAJB9	-0.639605507	4.797527438	4.38E-09	4.38E-08
FLNC	3.440251657	3.992735635	5.50E-69	1.97E-66
PDE11A	-1.147345462	2.714496949	2.86E-09	2.93E-08
GAD1	-0.762421691	5.428024228	2.48E-09	2.59E-08
ORMDL1	-0.600398085	6.187032324	1.45E-10	1.80E-09
TWSG1	-0.629774727	4.631689896	1.73E-08	1.56E-07
ARHGAP22	-1.185427017	2.18236511	1.97E-09	2.10E-08
CGNL1	-1.224708813	6.22707794	2.82E-35	2.50E-33
DLL4	-1.179231715	4.033774381	4.00E-20	1.40E-18
ALDH1A2	0.986303588	3.879939111	5.86E-12	8.93E-11
DUT	-0.699978725	5.767262073	4.29E-13	7.51E-12
ARPP19	-0.671044561	7.913409619	5.12E-17	1.38E-15
CALML4	-0.729387367	4.481544523	2.83E-09	2.91E-08
PALLD	0.752523977	5.213684479	2.96E-12	4.65E-11
SPCS3	-0.472292421	8.20460885	2.60E-10	3.15E-09
PUS7L	-0.532326002	6.994120141	6.99E-08	5.59E-07
RHBDF2	0.634863094	6.76748014	3.41E-12	5.32E-11
MAP7D3	0.93025634	5.580967986	4.62E-16	1.13E-14
SGOL1	0.723103163	4.052488704	4.16E-08	3.48E-07
KLF16	0.653945536	5.396829788	5.39E-10	6.27E-09
DOHH	1.001896783	3.285881277	1.01E-10	1.29E-09
SHC2	-2.532144851	0.916966654	1.49E-13	2.79E-12
PHF10	-0.567294303	6.945394175	6.98E-12	1.05E-10
SAT1	-0.755050678	8.316405988	7.98E-14	1.54E-12
LDLR	2.155516015	8.086563803	2.84E-126	3.47E-123
TOMM40	0.50153402	5.97870333	6.19E-08	5.01E-07
KIF1A	1.115349469	5.74114265	3.01E-16	7.58E-15
SLC27A1	-0.760268335	3.528721768	1.07E-07	8.34E-07
COLGALT1	0.68890789	6.672369828	5.80E-15	1.28E-13
PGLS	0.779451535	5.585005797	1.10E-09	1.21E-08
SNX9	0.46427653	7.76468716	1.44E-08	1.32E-07
MLLT1	0.468994175	6.32432063	1.71E-07	1.29E-06
ARPC1B	1.069070285	5.806070615	1.20E-28	7.40E-27
MAP1S	0.611796394	5.004954223	1.48E-07	1.13E-06
GDF15	0.759422458	7.48558671	3.46E-16	8.67E-15
KIAA1683	1.127560268	2.444051416	2.56E-08	2.23E-07
JUND	1.006284749	6.887736883	3.59E-22	1.46E-20
HELZ2	1.08131408	5.722572507	5.09E-23	2.21E-21
SAMD10	-1.015385183	3.682630613	3.92E-13	6.92E-12
CYP2E1	-1.013527012	2.550434913	1.81E-08	1.63E-07
PNPLA7	-1.048181071	3.269769462	1.80E-11	2.54E-10
PAK4	0.645574924	5.756645643	3.00E-08	2.58E-07
ADRM1	0.780570358	6.257835177	2.48E-08	2.17E-07
FIBCD1	0.676594229	7.150593598	4.02E-12	6.23E-11
SESN2	1.4206308	6.044985283	6.57E-49	1.12E-46
HABP4	0.840265671	4.710714725	1.13E-13	2.15E-12
AKAP12	3.365006432	11.10853366	1.33E-254	1.95E-250
SYNE1	1.166186626	3.75512704	2.27E-09	2.39E-08
RBM39	-0.835227616	8.995319542	2.30E-13	4.19E-12
GGT7	-0.869265546	5.468326872	2.44E-12	3.87E-11
ZNF141	-1.555394187	3.381631237	9.17E-23	3.89E-21
CAP1	0.532308185	7.510683281	6.68E-08	5.38E-07
PPT1	-0.625890688	6.819727013	2.49E-09	2.60E-08
SH3BP5	0.826592434	4.650794127	2.97E-11	4.05E-10
RPL27	-0.612363063	8.474202097	1.40E-13	2.64E-12
ACLY	0.547603198	8.315696284	4.17E-09	4.18E-08
VPS25	0.62592996	5.72361451	8.86E-08	6.98E-07
DIAPH1	0.670400412	7.998897136	9.04E-15	1.96E-13
ANO1	2.690329809	7.299263063	1.28E-148	3.14E-145
MAP1B	0.835190867	9.437944115	4.70E-22	1.88E-20
TNS4	0.715380683	6.883699355	2.34E-11	3.23E-10
TOP2A	0.54790167	8.776852798	2.08E-09	2.20E-08
RARA	0.596147279	5.024742434	1.41E-07	1.08E-06
ABHD12B	-0.773907588	4.899824999	1.56E-13	2.90E-12
TRIM5	1.30277172	3.989677963	2.78E-21	1.05E-19
PRKAA1	-0.633283672	7.197421414	1.12E-14	2.40E-13
RAP1GAP2	0.685798432	7.109236771	1.91E-15	4.40E-14
PNISR	-0.700009883	6.926953408	2.20E-11	3.07E-10
FIGNL1	-0.5824934	5.846123534	1.39E-08	1.28E-07
ITGB4	0.84379962	8.959591323	4.20E-23	1.83E-21
WBP2	0.779272819	6.945772406	1.55E-15	3.62E-14
ZRANB2	-0.768444226	7.993812956	8.47E-19	2.67E-17
DLG4	-1.214407716	4.856711077	1.68E-23	7.59E-22
ANKEF1	-0.700432805	4.805918633	2.09E-08	1.86E-07
PCED1A	-0.723948189	5.58268622	9.95E-12	1.46E-10
PCNA	-0.560467225	6.992295859	1.28E-09	1.41E-08
RIN2	0.839718331	5.57872341	1.66E-13	3.07E-12
KIAA0907	-0.650530743	7.260960815	1.42E-08	1.30E-07
DCAF8	-0.678985629	6.353081971	4.49E-08	3.73E-07
LPIN3	-0.809665915	4.234666935	1.82E-10	2.23E-09
USPL1	-0.498894452	5.573281232	1.47E-07	1.12E-06
CDK8	-0.565996661	6.25614127	6.16E-10	7.11E-09
WASF3	-0.610644303	5.123386858	6.76E-09	6.55E-08
CHRM3	-0.784970141	3.837903168	1.44E-08	1.32E-07
PEMT	0.713989645	4.193691783	1.71E-07	1.28E-06
TPT1	-0.683540358	10.85563211	3.03E-11	4.11E-10
SLC39A11	0.65036824	4.320047163	1.52E-07	1.15E-06
HSPBP1	0.759066941	5.066255234	2.05E-09	2.17E-08
CNDP2	0.745942826	5.855331218	4.07E-13	7.16E-12
ZNF767P	-0.902882958	5.234159113	1.63E-08	1.48E-07
ATP13A3	-0.479286633	8.635660352	1.72E-08	1.56E-07
AMPD3	0.897997404	5.519730118	1.91E-14	4.00E-13
MICAL2	0.725282084	5.888724329	2.30E-13	4.19E-12
C14orf1	0.76266887	5.01901067	9.57E-11	1.22E-09
C14orf159	-0.692745191	4.366162351	2.29E-08	2.01E-07
CCNB1	0.619443846	6.549199976	9.54E-08	7.47E-07
IRAK2	1.041656467	4.910853095	1.51E-19	5.04E-18
CAMK1	-0.882423753	3.28672605	1.05E-08	9.88E-08
BHLHE40	1.028633046	7.376361339	1.05E-28	6.62E-27
PTPN22	-1.10363177	3.5063373	2.49E-14	5.14E-13
NOTCH2	1.374197929	4.162303712	1.73E-21	6.60E-20
LPIN1	0.607338074	5.03565182	1.67E-07	1.26E-06
NAV1	1.076971373	7.40718039	2.73E-26	1.54E-24
RPS15A	-0.505535164	6.980023384	1.53E-09	1.66E-08
EMP1	4.111637081	6.758362607	1.68E-236	1.23E-232
SOX5	-1.907272292	3.206322316	1.04E-09	1.16E-08
PHC2	0.751558389	7.165839522	6.56E-18	1.92E-16
CDCA8	0.868777264	4.97958818	9.33E-14	1.79E-12
HOOK1	-0.757417012	6.604753377	2.88E-19	9.42E-18
DSC2	-2.427025189	1.527734818	3.30E-13	5.86E-12
FADS2	1.068609912	4.443307655	7.08E-13	1.20E-11
ARGLU1	-1.345814634	8.864678255	1.17E-17	3.32E-16
ETS1	2.51726063	7.044413447	3.26E-138	5.97E-135
TMED7	-0.64281104	7.016933359	6.28E-14	1.23E-12
OSTF1	0.735105733	4.544731225	1.73E-08	1.56E-07
RFK	-0.900917671	5.381184603	2.41E-19	7.94E-18
ANXA1	2.422497431	3.580890042	1.90E-44	2.65E-42
ADAM19	1.203028909	6.123626018	2.15E-36	2.10E-34
CCNJL	0.942375622	3.929493193	1.84E-11	2.60E-10
TAOK3	0.584080236	4.776099872	1.95E-07	1.44E-06
CCDC64	0.564022871	4.794733524	1.56E-07	1.17E-06
CCDC146	-1.148577955	2.66679189	4.29E-09	4.30E-08
TES	0.549730378	7.170259284	3.46E-10	4.12E-09
PRRG4	-2.891748975	0.832807625	1.73E-12	2.82E-11
GLS2	-0.704844263	4.99272722	1.20E-11	1.73E-10
B4GALNT1	1.06568215	4.472058631	2.46E-17	6.79E-16
KRT7	2.266620931	4.764381328	8.43E-63	2.42E-60
SLC26A10	-1.283697581	2.154181126	2.27E-09	2.39E-08
EGR4	1.553855878	1.263499637	6.16E-08	4.99E-07
DYSF	3.732292876	1.033058292	2.04E-11	2.85E-10
SLC9A5	-0.885542966	3.110971544	1.05E-08	9.86E-08
USP37	-0.52143076	5.194444522	2.10E-07	1.55E-06
DNAJB2	0.653295531	5.031678003	7.13E-09	6.88E-08
GCC2	-0.488826044	7.539870394	1.36E-08	1.25E-07
MRPS9	0.614134916	5.198988027	1.68E-07	1.27E-06
ARHGEF4	1.420889314	6.582513825	7.77E-42	9.56E-40
ALDH1L2	-0.653963369	4.169689945	7.52E-08	5.97E-07
FLNB	1.384834181	9.737888967	8.51E-54	1.78E-51
NEK3	-0.779769019	4.016932384	3.93E-09	3.95E-08
THSD1	1.321588052	3.228231087	6.01E-14	1.18E-12
RCBTB1	-0.563354324	6.39210606	4.02E-08	3.38E-07
SCEL	4.586466819	3.559943469	1.52E-65	5.17E-63
SPRY2	-0.764320694	5.927362167	7.49E-16	1.79E-14
RCBTB2	-1.3592298	1.822823236	3.28E-08	2.79E-07
LCP1	0.826781065	9.398840813	6.62E-16	1.60E-14
SETDB2	-0.577333104	6.059107133	7.64E-10	8.65E-09
CHST12	-0.874743877	4.537999892	1.61E-13	3.00E-12
NUPL2	-0.968616235	5.861076726	1.50E-13	2.81E-12
LIMD2	1.005177011	3.147319781	2.29E-08	2.01E-07
GALNT5	0.675961173	6.954697885	4.46E-13	7.81E-12
DNAJC1	0.937969035	4.895486301	3.11E-17	8.51E-16
LRRC8A	1.15758667	7.290382765	5.53E-37	5.59E-35
ODF2	0.566786755	5.878632262	5.67E-09	5.58E-08
RALGPS1	-1.004899805	3.346411646	1.03E-11	1.51E-10
FAM129B	0.829224729	7.310519872	3.81E-18	1.14E-16
DPM2	0.662069994	5.329024505	1.19E-09	1.31E-08
ANP32B	0.575307229	8.066149521	2.05E-07	1.51E-06
RANBP6	-0.725671317	5.824532836	5.87E-09	5.76E-08
IL11RA	-1.477972238	3.715252163	7.16E-27	4.14E-25
TLN1	0.685109381	8.246882007	5.90E-13	1.02E-11
TMEM63B	0.602243294	4.934821631	7.48E-08	5.95E-07
TUBB2A	1.083795064	3.523087666	2.67E-08	2.32E-07
HMGA1	1.570071853	10.15279599	2.59E-39	2.79E-37
FAM8A1	-0.517138577	6.181241505	1.18E-07	9.09E-07
TTC29	2.645084356	0.955710329	5.91E-09	5.79E-08
MYO7A	-1.705903221	3.094201772	7.46E-25	3.85E-23
CREBZF	-1.118319683	7.596406274	1.03E-14	2.22E-13
TTPA	-1.323520317	3.428170008	1.37E-19	4.60E-18
GGH	-0.6314013	7.440796039	2.45E-14	5.07E-13
SDCBP	0.694033302	6.315155973	5.06E-08	4.16E-07
SORL1	-0.951549768	8.852962401	6.54E-28	3.98E-26
FXYD6	-0.716933653	4.513119285	1.32E-09	1.44E-08
CTDSPL2	-0.647854283	6.090598708	3.63E-12	5.64E-11
ITPKA	1.720830546	2.847164938	1.23E-18	3.81E-17
UACA	1.201417773	5.794797765	1.15E-34	9.92E-33
STRA6	-1.081953767	5.701016116	1.00E-28	6.41E-27
TTLL7	-0.666928874	4.872637967	1.21E-09	1.33E-08
ARHGAP29	0.574918133	5.691513664	5.66E-09	5.58E-08
SLC44A5	-1.10335095	4.354191653	2.12E-16	5.43E-15
EPT1	-0.420112036	7.504778294	2.19E-07	1.61E-06
KHK	-1.167905077	3.121644253	3.24E-12	5.06E-11
MYOF	1.156090815	8.513335046	9.49E-40	1.05E-37
TACC2	0.5904009	5.507896305	5.54E-08	4.52E-07
DUSP5	1.490335835	5.427553668	4.51E-20	1.57E-18
CEP55	0.668970224	5.634237738	6.00E-11	7.88E-10
KIF20B	0.585359471	6.893677018	3.00E-11	4.09E-10
NAB1	-0.651019125	6.869582276	3.14E-14	6.36E-13
SLC40A1	-1.325281106	2.966584952	7.29E-16	1.75E-14
APH1B	-2.11091709	1.955152127	1.24E-18	3.84E-17
SEMA7A	1.347933565	3.14178897	1.74E-13	3.21E-12
SEC31A	0.556605909	7.497871251	1.09E-10	1.38E-09
GPAT3	2.157951498	4.993645152	7.07E-56	1.55E-53
G3BP2	-0.459016852	8.059079948	2.11E-07	1.55E-06
CNOT6L	-0.619474723	6.316641652	2.24E-12	3.57E-11
ANXA3	0.598148963	7.115927331	6.85E-10	7.82E-09
CENPE	0.704120981	5.044370834	4.76E-10	5.57E-09
LEF1	-0.996448238	3.553670865	6.64E-13	1.14E-11
B4GALNT3	-0.9702141	3.483792881	2.63E-11	3.61E-10
FGD4	-0.699562126	4.904830061	1.78E-09	1.90E-08
ETNK1	-0.809913348	9.350529818	2.69E-22	1.10E-20
09-mar	-0.827081261	4.293803413	1.04E-11	1.52E-10
LGR5	-1.882446691	6.161392822	2.08E-88	1.39E-85
DUSP6	-0.658713364	6.732230856	2.50E-11	3.44E-10
GAS2L3	0.61790387	5.251537309	6.56E-09	6.38E-08
MMAB	0.838370129	5.00841716	1.44E-13	2.71E-12
SLC39A5	-2.214750642	2.645765219	1.63E-32	1.26E-30
N4BP2L1	-1.169093943	3.344331493	6.00E-15	1.32E-13
MAP3K12	-1.415222614	1.421887361	5.57E-08	4.55E-07
ITGB7	1.247439094	3.069187308	9.61E-13	1.62E-11
LPAR6	-1.869690679	2.753265083	4.84E-25	2.54E-23
VPS37B	0.592920244	6.391543395	6.28E-11	8.23E-10
RHOF	1.64703016	6.60114998	3.48E-56	7.73E-54
DIAPH3	0.609452032	4.766000302	2.81E-08	2.43E-07
ABHD13	-0.578500019	5.910269959	2.34E-09	2.46E-08
RAB20	-0.755690081	5.245781753	3.46E-13	6.13E-12
GRTP1	-1.689994017	2.294290858	8.81E-18	2.54E-16
SSTR1	-1.960942859	3.203692529	4.86E-32	3.64E-30
CDH24	-1.729470879	1.959396051	3.17E-14	6.40E-13
RAB15	-1.04321329	5.252854559	1.84E-21	6.99E-20
JDP2	0.715771962	4.626412902	4.55E-10	5.33E-09
WARS	0.68972957	8.229908644	1.28E-11	1.84E-10
SERF2	-0.488750004	6.587062046	8.77E-08	6.92E-07
NEIL1	-1.686396706	3.36804287	1.75E-29	1.17E-27
DNAJA4	-0.725063867	4.522378457	7.40E-10	8.41E-09
MESDC1	0.813013378	5.752551344	2.61E-16	6.60E-15
PML	0.61833845	5.356013097	2.63E-09	2.72E-08
LINS1	-0.788593788	4.005778634	6.10E-10	7.05E-09
EFTUD1	0.682813962	5.374626537	8.04E-09	7.70E-08
CDR2	0.63410578	5.382573438	7.96E-09	7.63E-08
ARHGAP17	0.547850934	5.583184947	4.93E-08	4.05E-07
NLRC5	1.060547319	4.6429946	1.92E-14	4.01E-13
ADAMTS18	-1.168518966	3.212803023	1.61E-12	2.63E-11
NUDT7	1.080947644	2.413019729	5.28E-08	4.32E-07
CMTM3	2.215950286	6.251833559	7.15E-94	5.51E-91
CDH13	-0.860062871	7.583185496	2.46E-18	7.45E-17
TLDC1	0.741374165	4.1432988	1.89E-07	1.40E-06
OSGIN1	1.858717258	3.10901772	2.27E-24	1.11E-22
TIGD7	-1.314954359	2.419607534	3.38E-11	4.56E-10
NCOR1	0.44317644	8.318734734	3.33E-08	2.83E-07
NOB1	0.662153635	8.050723284	3.26E-09	3.32E-08
SGSM2	-0.626731119	6.009443565	1.12E-08	1.04E-07
G6PC3	0.710285042	5.19423309	6.69E-09	6.49E-08
RPRD1A	-0.483752692	6.042234	5.44E-08	4.45E-07
NPC1	1.277675379	7.150283067	4.76E-48	7.66E-46
ARHGDIA	0.609191851	8.90648433	5.70E-09	5.60E-08
TMC6	0.693565159	5.81287586	9.26E-08	7.27E-07
SLC16A3	0.660981988	7.737828693	1.10E-15	2.59E-14
RAB40B	-1.498809299	3.440663359	2.18E-24	1.06E-22
RPTOR	0.527450831	6.334873476	1.89E-07	1.40E-06
GRB7	-0.690733379	5.501651127	1.33E-12	2.20E-11
NA	-1.610595321	3.24590225	1.85E-24	9.05E-23
BRD4	0.517780094	8.004437409	7.33E-09	7.07E-08
TPGS1	0.996365189	2.941124642	1.78E-08	1.60E-07
SH3GL1	0.996574916	5.738289437	4.60E-20	1.60E-18
DPP9	0.836762445	6.776432979	8.62E-23	3.67E-21
ATHL1	-1.412578857	2.489754441	2.13E-14	4.42E-13
APP	-0.507740357	9.596960008	1.90E-09	2.03E-08
ERVK3-1	-1.080148644	4.197669174	2.92E-09	2.99E-08
FBN3	-1.994712628	1.422826914	2.03E-12	3.26E-11
CARM1	0.621916296	6.880541899	8.78E-09	8.35E-08
KLK3	-1.719813641	2.642760891	3.17E-18	9.51E-17
EPHA2	1.032349605	7.82231436	1.28E-37	1.33E-35
MYOM3	-1.986242356	1.366348675	3.11E-12	4.87E-11
SH3BGRL3	1.428339863	6.953357316	7.95E-24	3.73E-22
PRKACB	-0.553418379	5.879683262	4.81E-08	3.97E-07
KIF2C	0.977869611	5.557299298	1.18E-16	3.09E-15
SLC44A3	-0.967633848	3.70752805	1.36E-12	2.24E-11
ZNF697	0.534897481	7.169720396	7.12E-09	6.88E-08
CELSR2	-1.154108075	5.14459763	4.98E-26	2.74E-24
CREG1	-1.038046417	7.158144076	4.09E-24	1.96E-22
PFDN2	0.951946878	6.519625662	4.41E-28	2.69E-26
CRABP2	-1.431436598	3.328469406	2.38E-20	8.46E-19
RGS16	0.926203951	2.937693671	1.09E-08	1.01E-07
RGL1	-0.538126415	6.178263185	9.25E-10	1.03E-08
RORC	-2.822567114	3.30493764	2.08E-65	6.91E-63
ECM1	1.045583574	3.132665503	2.08E-07	1.54E-06
MCL1	0.395609001	8.488092916	9.24E-08	7.26E-07
ANXA9	-1.471532609	1.590668922	8.86E-10	9.94E-09
DUSP10	1.456744419	2.1485441	9.74E-10	1.09E-08
RHOB	0.882460583	6.978045522	2.55E-24	1.24E-22
RPS27A	-0.469531654	7.882771888	2.43E-08	2.12E-07
ZNF514	-1.02311698	4.606465614	2.45E-13	4.43E-12
HES6	-0.572504007	6.01031958	7.30E-10	8.30E-09
VGLL4	0.516476099	7.720347165	4.02E-10	4.73E-09
OSBPL10	0.607318721	5.840587576	6.35E-11	8.30E-10
GOLGA4	0.525862243	7.566602036	3.91E-09	3.94E-08
CTDSPL	-0.577055372	6.694801284	1.52E-11	2.17E-10
COL8A1	1.811035538	1.970009538	6.44E-14	1.26E-12
AMT	-1.13264285	4.028111096	2.79E-18	8.39E-17
MANF	0.843158581	6.134497951	2.05E-14	4.25E-13
TM4SF19	2.728652061	1.847723488	6.44E-16	1.56E-14
VWA5B2	-2.31011212	2.427777859	8.84E-31	6.28E-29
TBCK	-0.810902012	4.014808385	7.28E-10	8.29E-09
RPS3A	-0.843840956	5.055050405	9.40E-16	2.24E-14
06-mar	-0.789462261	8.570892079	9.44E-26	5.06E-24
PLK2	1.92532364	4.595806416	1.75E-46	2.64E-44
LHFPL2	0.828237477	5.905917849	8.80E-18	2.54E-16
SSBP2	-0.649217106	4.408537496	7.18E-08	5.71E-07
PAM	-0.898929344	8.576099971	5.19E-25	2.71E-23
RNF145	-0.72942418	6.157397234	8.09E-17	2.14E-15
TNIP1	0.931303319	6.211912102	1.73E-19	5.77E-18
CPLX2	-0.786716328	5.557503958	3.75E-15	8.48E-14
PSD2	-2.348394606	4.736686549	5.15E-87	3.28E-84
TNFRSF21	0.788423751	5.278956723	4.76E-14	9.41E-13
NFKBIE	1.094030367	3.298951267	2.38E-11	3.28E-10
IRAK1BP1	-0.66057989	4.163397774	8.99E-08	7.08E-07
PM20D2	-0.594599314	6.885190474	4.96E-12	7.64E-11
SLC18B1	-0.574859701	5.847372528	1.71E-08	1.55E-07
VWDE	-0.785220986	4.934883584	1.27E-10	1.59E-09
CREB5	2.320053504	4.662505499	3.43E-59	8.81E-57
IGFBP1	1.392961053	6.210063819	2.01E-27	1.21E-25
AGBL3	-1.209857495	1.879911645	9.72E-08	7.61E-07
CNPY1	-0.601311701	5.446297294	2.11E-08	1.87E-07
SH3KBP1	1.165627268	7.429665	3.88E-23	1.70E-21
MSN	0.71136561	9.613073744	2.26E-11	3.13E-10
EBP	0.801254489	6.332726629	1.20E-15	2.83E-14
OGT	-1.694247193	10.70407678	4.18E-22	1.69E-20
ZNF711	-0.951938275	5.973627917	2.87E-22	1.18E-20
DOCK11	-0.58003789	5.178298728	6.70E-08	5.38E-07
MFHAS1	0.592222067	6.979680462	2.38E-12	3.78E-11
FBXO25	-0.659848744	5.64156732	2.29E-12	3.65E-11
NSDHL	0.767157152	4.031078738	1.88E-07	1.40E-06
ST18	-3.129882156	5.279859151	1.71E-136	2.78E-133
TACC1	0.438220034	7.519693256	3.29E-08	2.80E-07
AK3	-0.850925414	6.811022183	7.34E-20	2.51E-18
UHRF2	-0.769300299	6.197121628	8.80E-09	8.36E-08
PLIN2	1.297311289	7.271103192	1.75E-33	1.43E-31
C9orf72	-0.848107776	3.23860284	1.86E-07	1.39E-06
GSN	0.690497738	4.424427902	4.33E-08	3.61E-07
RPL7A	2.042474755	5.309937712	1.40E-48	2.36E-46
FAM13C	-1.018269902	2.533576615	1.93E-08	1.72E-07
A1CF	-1.329446925	4.073930352	2.49E-25	1.32E-23
ADIRF	-1.157910554	4.053041495	7.14E-19	2.27E-17
ADD3	-0.51585903	6.249215905	2.37E-08	2.08E-07
MKI67	0.774013746	8.271422112	3.19E-17	8.69E-16
CYP17A1	-1.44765873	2.20503396	2.10E-12	3.37E-11
ITPRIP	0.976004298	5.375876472	4.48E-19	1.45E-17
PDCD11	0.555329173	7.817045471	6.97E-10	7.95E-09
TNKS1BP1	0.54700292	7.542954275	1.10E-11	1.59E-10
SESN3	-1.434884798	8.15998489	6.26E-70	2.41E-67
CCDC82	-0.687931943	6.896082113	2.22E-11	3.08E-10
CAPN5	0.995144679	3.109380481	1.68E-09	1.81E-08
PAK1	0.616017747	6.355090132	3.30E-08	2.81E-07
AASDHPPT	-0.444697686	7.10290821	6.33E-08	5.11E-07
GLB1L2	-0.836570381	5.476726195	9.81E-18	2.81E-16
FADS1	1.025679136	7.813440663	3.99E-26	2.22E-24
B3GAT3	0.53776668	5.682610659	1.21E-07	9.36E-07
MPZL2	0.978028764	5.133129422	1.47E-17	4.14E-16
TAGLN	1.536631677	3.724052862	6.24E-24	2.95E-22
SPATA25	-1.158607657	2.262898556	5.32E-09	5.27E-08
CDC42EP2	1.169740464	2.710562573	2.90E-10	3.50E-09
HMGA2	1.025547981	5.278274546	1.86E-22	7.71E-21
MKX	-0.760562221	4.966014978	1.37E-08	1.26E-07
LATS2	0.780570587	4.775296321	1.18E-10	1.47E-09
HNMT	-1.829620801	1.044500221	9.38E-10	1.05E-08
PRSS23	1.83429912	2.830657475	2.61E-18	7.90E-17
SEC24D	0.821543958	5.570222921	8.28E-17	2.18E-15
DHX37	0.582259259	5.739035151	3.63E-09	3.67E-08
UBC	0.737732845	8.625307318	2.06E-08	1.83E-07
SLC7A11	0.718458396	7.591556298	4.30E-17	1.16E-15
IPMK	-0.750636447	5.815591953	1.64E-13	3.05E-12
AKR1C2	-1.017866437	2.995309509	3.33E-09	3.39E-08
ADAM17	0.761843268	6.59711636	7.94E-17	2.10E-15
TMEM45B	-0.530778556	5.578334712	4.75E-08	3.93E-07
ACSL1	0.977511501	6.604251855	1.21E-22	5.07E-21
NBAS	0.661615073	6.395879149	3.51E-11	4.72E-10
DST	1.011528271	9.576619331	9.98E-22	3.93E-20
BAG3	0.705916236	4.90535319	5.65E-09	5.57E-08
TMEM56	-0.873458311	4.934516232	9.11E-16	2.17E-14
POU4F1	-1.072175425	2.830720852	8.23E-09	7.85E-08
TGOLN2	-0.423883044	7.681848922	1.78E-07	1.33E-06
UHMK1	-0.650653888	7.333727573	3.53E-14	7.08E-13
HOMER1	0.538053435	6.263421145	4.28E-08	3.58E-07
CCDC50	-0.634923411	7.40313289	9.27E-16	2.21E-14
TMEM123	-0.665958414	9.717844041	4.30E-16	1.06E-14
SPEF2	-0.821137977	3.513325385	3.47E-08	2.93E-07
SLC30A6	-0.569033505	5.465260258	4.48E-09	4.47E-08
HNRNPDL	-0.501058311	8.83533799	2.20E-08	1.94E-07
BCL2L11	-0.735704666	5.44044615	1.68E-13	3.12E-12
SCOC	-0.698429878	5.042891746	4.11E-11	5.49E-10
NR4A2	-0.983016146	4.332028008	6.41E-16	1.56E-14
SCN3A	-2.955809878	2.162094504	1.12E-35	1.05E-33
SLC25A27	-1.475587507	4.663449786	6.65E-10	7.62E-09
INO80C	1.196674673	3.628426947	4.14E-16	1.02E-14
PLEKHG4B	-0.758021096	4.66129445	3.79E-10	4.49E-09
ADPRHL1	1.754420395	4.799341574	1.06E-43	1.44E-41
RPIA	0.606071431	4.870906915	3.81E-08	3.21E-07
SEMA3D	-0.996691284	5.482119891	2.36E-22	9.73E-21
TBCEL	-0.836497762	5.938748162	4.06E-17	1.10E-15
UBASH3B	0.930564744	4.069427569	2.74E-11	3.75E-10
FAM134B	-1.405745216	3.422253409	1.02E-21	4.01E-20
PITPNC1	0.988335394	4.952363916	1.21E-13	2.29E-12
PDLIM3	0.752460411	4.116860003	9.80E-08	7.66E-07
CXADR	-0.638328576	5.521199332	2.12E-08	1.88E-07
APCDD1	-2.305210096	6.993056001	2.67E-135	3.92E-132
KLF10	-0.607994794	6.633772545	7.47E-11	9.64E-10
PI4K2A	0.814231947	4.846818	3.13E-13	5.61E-12
GOLGA7B	1.757505449	4.100164036	3.88E-31	2.81E-29
HSPA13	-0.601254136	6.757226046	8.60E-11	1.11E-09
MIER3	-0.637001152	5.379546033	5.44E-10	6.33E-09
C10orf12	1.040158802	4.962607305	2.54E-12	4.01E-11
PDIA4	0.554175954	8.442113524	2.15E-08	1.90E-07
RAET1L	1.980069238	2.837812419	4.93E-20	1.71E-18
KIF5A	-0.954461513	4.461280682	6.08E-15	1.33E-13
ELMSAN1	0.575350531	6.354152097	8.94E-10	1.00E-08
BATF	1.102331876	3.261511841	2.30E-11	3.19E-10
DRAM2	-0.533297477	5.552393963	5.33E-08	4.36E-07
N6AMT1	-0.83229825	4.915414991	4.74E-14	9.39E-13
TIAM1	1.207587872	4.717260876	3.04E-19	9.92E-18
HKDC1	1.327239805	6.66567439	3.60E-46	5.38E-44
HK1	0.726559917	7.111795427	2.09E-11	2.91E-10
UBE2L6	-1.33277614	1.734742364	1.49E-08	1.35E-07
ZFAND3	0.498005146	6.708693338	9.39E-09	8.89E-08
UTP14A	0.561023117	6.975680339	4.15E-08	3.47E-07
MAPK13	-0.77092808	6.916592206	1.27E-16	3.29E-15
PDE6D	0.74772118	4.161219361	6.74E-08	5.41E-07
EIF4A2	-0.745676369	9.119161558	1.10E-14	2.38E-13
RBPMS	0.821640754	4.23881375	6.18E-10	7.12E-09
MMP14	1.649695773	4.708083393	4.20E-33	3.37E-31
TMED6	-1.506982815	1.630385099	1.34E-09	1.46E-08
CACNA1D	-2.216348161	1.202739585	9.17E-14	1.76E-12
MYO1E	0.840364563	7.100081008	1.19E-19	4.03E-18
MUM1L1	1.450757312	5.224796736	2.63E-35	2.35E-33
ETS2	-0.694433915	6.767261436	1.88E-15	4.34E-14
C12orf43	0.782309592	4.443918477	4.87E-11	6.46E-10
AGAP1	0.729974209	7.230078091	1.48E-13	2.78E-12
WASF2	0.537170954	7.734937603	1.43E-10	1.78E-09
ESYT3	-1.30436207	3.269263099	9.43E-17	2.48E-15
HIST1H2BD	1.175013684	2.995139515	2.25E-10	2.75E-09
EIF5B	0.513685	8.385841031	1.92E-07	1.42E-06
FAM86C1	0.810560027	3.548343371	1.24E-07	9.58E-07
DYNC1I1	2.153290504	2.544693557	1.24E-16	3.23E-15
COPG2	0.720897388	5.354846963	1.95E-12	3.15E-11
FGF17	-1.289943271	2.285201849	2.90E-10	3.50E-09
CDA	2.483957952	3.626752346	1.50E-32	1.17E-30
PINK1	1.140774452	5.04444372	1.11E-20	4.01E-19
DMTN	-0.640016607	5.235947298	1.01E-08	9.50E-08
CDC42SE2	-0.586335588	6.782098348	9.82E-12	1.44E-10
PAXBP1	-0.597202626	6.666098038	3.42E-08	2.90E-07
LAD1	1.124738518	7.606163776	3.17E-23	1.40E-21
PSMD4	0.533247832	6.295915154	4.14E-08	3.47E-07
ATP13A2	0.752543674	5.972743642	6.11E-16	1.49E-14
BTG2	-0.60360088	5.393848479	1.17E-09	1.29E-08
ALDH4A1	0.840603237	3.161496031	1.54E-07	1.17E-06
ZYX	1.047220593	6.763910205	2.73E-24	1.32E-22
VMA21	-0.591836958	6.869290273	8.65E-12	1.28E-10
ABCG1	-2.461815857	3.194894406	3.43E-48	5.59E-46
TMPRSS3	-0.986692029	3.616021178	1.59E-11	2.26E-10
SLC37A1	0.704572437	4.099126671	6.33E-08	5.11E-07
G6PD	0.832853086	6.005461285	3.52E-11	4.72E-10
RALGDS	-0.514679863	6.109552655	9.48E-08	7.44E-07
LSS	0.994476515	2.971729687	5.49E-08	4.49E-07
IL6R	2.100459306	6.06921545	3.30E-91	2.42E-88
LMNA	1.077102137	8.109994229	4.90E-29	3.19E-27
NBEAL2	-1.061482908	6.177438905	1.34E-24	6.75E-23
GPATCH4	0.681717907	5.783777401	6.82E-11	8.88E-10
NACC1	0.474846043	6.58662646	5.94E-08	4.82E-07
MUM1	-0.575671698	5.794255681	2.08E-07	1.54E-06
C5orf45	-0.723093052	4.600115546	2.23E-08	1.97E-07
SQSTM1	1.549253252	9.45168825	9.15E-66	3.19E-63
LRWD1	0.72361082	4.067739414	6.89E-08	5.51E-07
MFSD12	0.459783614	6.469359367	1.42E-07	1.08E-06
PGAP3	-1.006143455	3.275314736	1.36E-11	1.96E-10
SRSF2	-0.720329203	8.275579597	1.99E-09	2.11E-08
ZNF577	-0.947811721	3.459318429	3.35E-10	4.00E-09
ITGA5	0.574187856	5.442773523	6.62E-08	5.33E-07
JOSD2	1.131419935	2.287758802	5.63E-08	4.59E-07
SHANK1	-2.124465203	2.806241126	1.01E-28	6.46E-27
PLCD3	1.438496447	7.400164522	1.61E-49	2.80E-47
CXCL16	-0.968088853	2.934119622	7.25E-09	6.99E-08
CCNF	0.86834309	5.057451396	6.73E-16	1.62E-14
LRP5	-0.476257839	8.793809344	2.82E-09	2.90E-08
PLPP3	-0.673435835	5.477470104	4.36E-11	5.81E-10
KLHL21	0.53345975	6.110242211	4.68E-09	4.66E-08
AK4	-0.611571282	5.331364038	4.71E-08	3.90E-07
FBLIM1	-0.680212723	4.659036688	4.40E-09	4.40E-08
DRAXIN	-1.21885059	2.447905529	6.48E-09	6.31E-08
CAMK2N1	-0.782568277	6.171925886	3.73E-16	9.26E-15
MYSM1	-0.815210547	6.807259342	3.01E-11	4.09E-10
FAM102B	-0.78312928	4.641300602	6.62E-09	6.43E-08
PEA15	0.699338035	5.780466809	2.04E-09	2.16E-08
VANGL2	-1.885441247	2.315707761	1.06E-17	3.03E-16
DENND2D	-1.059074151	3.266474873	7.39E-12	1.10E-10
IER5	0.692025432	5.103278549	1.53E-10	1.90E-09
CAPN2	1.280280265	8.619708803	1.57E-44	2.21E-42
DISC1	-0.526393979	5.414718831	1.29E-07	9.90E-07
PRORSD1P	-1.259072812	1.986970582	6.74E-09	6.54E-08
SGCB	-0.680885746	4.846400502	2.28E-09	2.39E-08
NEURL3	3.25186121	1.223957325	1.52E-18	4.66E-17
IWS1	0.486439302	6.445451904	1.60E-07	1.20E-06
S100A11	1.858072953	7.815622516	1.37E-42	1.78E-40
CCNYL1	0.63901152	4.884012718	3.39E-08	2.88E-07
DCAF16	-0.505623115	7.164223777	1.38E-08	1.27E-07
NIPAL1	-0.99374388	2.652662896	3.45E-08	2.92E-07
CGGBP1	-0.56945291	6.958265355	6.72E-12	1.01E-10
GPR155	-1.848368206	7.879813948	1.12E-104	1.10E-101
POGLUT1	-0.724410968	5.274490149	6.41E-13	1.10E-11
STK36	-0.766689431	4.486475854	1.52E-09	1.65E-08
SGOL2	0.725093301	4.584256892	1.35E-09	1.48E-08
SERPINI1	-0.680483228	5.167950032	4.94E-11	6.55E-10
ADAMTS9	2.909168652	2.011924456	3.53E-21	1.31E-19
CCNL1	-1.014695027	7.09858301	5.71E-16	1.40E-14
RPL9	-0.706687487	4.716989096	1.94E-07	1.44E-06
MTHFD2L	-0.955884083	4.737955918	1.08E-11	1.57E-10
TOPBP1	-0.638623627	6.721705203	8.45E-13	1.43E-11
DNAJC5G	-1.991982682	1.003992309	2.36E-10	2.87E-09
DTX3L	0.470204515	6.352420089	2.18E-07	1.60E-06
TKT	0.702781171	8.023715174	1.42E-08	1.30E-07
SGMS2	0.897762247	4.552485398	7.94E-13	1.35E-11
DNAJB14	-0.652418174	5.093256428	6.86E-09	6.64E-08
PLXNB1	-0.754319698	7.430689359	6.81E-12	1.02E-10
CAMKV	-0.742792877	4.515866606	3.58E-10	4.25E-09
C4orf3	-0.628186914	4.497249058	4.06E-08	3.40E-07
MAD2L1	-0.653111626	4.714981011	6.17E-09	6.03E-08
ITGA2	1.731948049	7.485429119	2.36E-69	8.66E-67
TMEM161B	-0.774341138	5.499121413	5.94E-12	9.05E-11
LMBRD2	-0.573771088	5.734142884	1.23E-08	1.14E-07
SLC25A46	-0.672582452	6.810809401	2.99E-15	6.79E-14
STARD4	0.597809397	5.598489552	2.09E-07	1.54E-06
F2RL1	0.709288183	5.190274133	2.93E-10	3.52E-09
CFAP97	-0.506342613	7.203063167	3.99E-10	4.71E-09
RICTOR	-0.602511661	7.454903179	2.60E-14	5.34E-13
ANKRA2	-0.672351621	4.248869754	1.81E-08	1.63E-07
CCDC127	-0.62462611	5.143100048	3.03E-09	3.10E-08
FOXQ1	0.481366888	7.138403061	3.15E-08	2.69E-07
UQCRQ	-0.552260371	5.348186723	2.84E-08	2.46E-07
CITED2	0.809782747	4.006379666	4.63E-09	4.61E-08
CREBRF	-0.735660595	4.964322814	1.21E-10	1.51E-09
DCBLD1	0.640309859	5.120404914	4.86E-10	5.67E-09
STK17A	0.659114423	5.017184069	2.11E-09	2.23E-08
TRA2A	-0.600785063	6.639771167	1.13E-08	1.05E-07
GALNT10	-1.0692043	3.696429525	3.39E-14	6.81E-13
RPS14	-0.724883079	9.256703328	1.91E-16	4.92E-15
PTTG1	0.773465845	5.046239413	5.21E-10	6.07E-09
STEAP1	1.042260314	5.51636654	3.11E-24	1.50E-22
HEY1	1.317889313	1.911913164	6.39E-08	5.15E-07
ZNF704	-0.547397117	6.597939936	1.53E-07	1.16E-06
TAGAP	-1.039791737	2.44197991	3.32E-08	2.83E-07
PEX2	-0.750334886	5.034316273	1.49E-11	2.13E-10
DNAAF5	0.728415787	6.294734135	1.15E-12	1.91E-11
NOS3	1.916935846	1.662014146	1.97E-09	2.10E-08
INTS1	0.622302291	6.993611558	3.61E-09	3.65E-08
FOXK1	0.611956923	8.567756957	2.21E-09	2.33E-08
FZD6	-0.732799159	4.040632609	5.98E-09	5.86E-08
FREM1	-4.857645326	4.121920267	4.62E-169	1.69E-165
PDP1	0.570861697	5.288270234	1.13E-07	8.78E-07
KIAA1161	-0.924167792	5.501266326	1.18E-21	4.62E-20
ABCA1	-4.573014723	0.553365341	2.48E-19	8.13E-18
LETM2	1.099695716	2.875207474	1.87E-08	1.68E-07
METTL2B	0.607355658	5.221609793	2.24E-07	1.64E-06
KDM1B	0.629403843	6.338894118	1.96E-12	3.15E-11
DYNLT3	0.569948125	6.089787198	4.39E-08	3.64E-07
PCDH19	-1.623464183	4.001767727	5.95E-31	4.27E-29
WNK2	-0.612439613	6.121934659	9.82E-09	9.26E-08
ZNF367	-0.933611393	4.118421468	2.94E-14	6.00E-13
AQP7	-2.394660383	1.925448917	1.06E-23	4.93E-22
PGM2L1	0.655921761	4.959633914	7.15E-08	5.70E-07
PHYHIPL	-0.785286217	6.879980911	1.63E-15	3.80E-14
INPPL1	-0.608813003	6.936677479	1.11E-10	1.40E-09
CDX2	-1.037713333	4.643074662	1.97E-18	6.01E-17
ZNF503	-0.595826728	5.423657246	3.42E-09	3.47E-08
PRDX3	-0.476881089	7.537254943	6.07E-09	5.94E-08
FAM69B	-1.075009383	3.199503469	1.47E-11	2.09E-10
NDRG2	-2.451071966	2.088301893	4.34E-26	2.41E-24
ARHGEF40	-1.088027446	2.923008427	9.21E-11	1.18E-09
CCDC186	-0.782033079	6.313400452	1.29E-17	3.65E-16
VWA2	-1.160839563	5.285152037	6.91E-20	2.37E-18
HSPA12A	-0.454587659	6.390994826	1.16E-07	8.99E-07
E2F7	1.21228853	5.179283331	2.53E-26	1.44E-24
GYLTL1B	-0.543715807	6.185516858	1.49E-07	1.13E-06
ABTB2	1.404647461	3.853078887	5.73E-21	2.11E-19
LIPC	-2.429330134	3.421635486	1.20E-52	2.38E-50
SPRED1	-0.650750369	6.63051259	2.06E-12	3.31E-11
AMN	-2.135072401	1.961679463	1.47E-19	4.93E-18
FRS2	-0.712438576	4.871882562	3.05E-10	3.65E-09
RAG1	-1.404649838	3.428876664	1.35E-18	4.16E-17
PPFIBP2	-1.670064274	2.207535973	6.55E-16	1.58E-14
SERPINB8	1.585155371	3.223492093	8.25E-19	2.61E-17
WDR72	-0.828599782	6.41568626	1.04E-18	3.25E-17
RIMKLB	-0.922214042	4.042942617	2.21E-09	2.33E-08
SLFN5	1.593011863	4.844406649	3.37E-42	4.29E-40
FAM96A	-0.550855488	5.300318182	5.26E-08	4.31E-07
FAM111A	-0.879396554	5.816828328	7.67E-20	2.61E-18
NAV2	1.053214724	9.677913528	1.13E-23	5.18E-22
PLK1	1.251753437	5.858597104	5.97E-30	4.09E-28
NUDT21	-0.505716083	8.248710113	5.19E-11	6.85E-10
FAM102A	1.532293337	7.001508952	4.11E-61	1.10E-58
SLC27A4	1.197449883	5.889738601	1.04E-28	6.62E-27
NOD2	1.279004734	1.950237925	8.10E-09	7.75E-08
DUS2	0.579294466	5.296586406	1.82E-08	1.64E-07
MYO5B	1.236689845	5.520191967	1.27E-26	7.31E-25
ZNF668	0.966532301	3.354422639	3.52E-10	4.19E-09
TPM4	0.76458875	8.864319444	4.13E-16	1.02E-14
MIDN	0.652599417	6.497945489	2.24E-11	3.11E-10
GATAD2A	0.610229826	7.353791285	3.33E-11	4.50E-10
MVD	1.671861952	4.647808974	1.89E-43	2.52E-41
ANKRD11	0.548164386	8.142999554	1.00E-12	1.68E-11
TUBA1C	0.650057955	8.120841121	2.65E-11	3.63E-10
CYP2S1	0.734166113	5.487091932	1.91E-08	1.71E-07
AXL	1.260629563	5.375461919	1.45E-23	6.64E-22
TMEM145	-1.730433285	1.258963167	2.82E-10	3.41E-09
ZNF283	-0.686719004	4.521319229	9.39E-08	7.37E-07
DAPK3	0.842172054	5.035310201	3.19E-14	6.42E-13
SEMA6B	-2.07233496	2.773840591	1.38E-24	6.93E-23
KIFC2	-1.643007771	3.973135539	4.28E-32	3.23E-30
TSR1	0.429082509	8.028534942	2.58E-08	2.25E-07
KLK1	-1.641226927	1.100327198	1.86E-08	1.67E-07
KRT80	1.187237095	7.848370503	1.85E-35	1.68E-33
SPRYD3	1.016933508	6.117511526	2.11E-21	8.01E-20
SOAT2	-1.922597274	1.469800007	1.95E-13	3.58E-12
CDK2AP2	0.883485742	5.406041265	2.48E-16	6.32E-15
SRP68	0.641488615	7.520317822	2.84E-10	3.42E-09
MGAT5B	0.654052797	5.178205734	2.93E-09	3.00E-08
BEST1	0.790487635	3.851822724	2.07E-08	1.84E-07
FTH1	1.140068929	9.642752775	3.77E-25	1.99E-23
SLC3A2	0.545797333	8.516969955	8.30E-09	7.91E-08
ATG16L2	-0.886436764	3.491838886	2.10E-08	1.86E-07
CTNNB1	-0.451093528	8.709078762	2.15E-07	1.58E-06
NAALADL1	-2.213735974	1.357327435	6.08E-16	1.48E-14
NUDT16L1	-0.916894601	2.778106715	6.71E-08	5.39E-07
DDIT4	0.918175523	7.682916297	1.96E-30	1.37E-28
HIST1H1E	1.565022121	2.622829215	1.56E-08	1.42E-07
PCMTD1	-1.180277833	5.479636176	4.79E-26	2.65E-24
KCTD6	-0.945841961	3.131377184	1.74E-09	1.86E-08
HR	-1.743400764	3.462254441	1.50E-21	5.79E-20
CCDC110	-1.323300771	1.620983632	1.43E-07	1.09E-06
SERINC2	1.183240146	5.38446785	3.42E-29	2.24E-27
AXIN2	-0.674962943	7.443255872	3.32E-17	9.04E-16
CXXC4	-2.069333771	1.012141904	6.34E-11	8.30E-10
TSPAN5	-0.634218398	6.668975269	6.62E-12	1.00E-10
MAT2A	-0.938697668	9.261266275	9.91E-14	1.90E-12
ZNF608	-0.744333385	4.869499426	3.60E-11	4.84E-10
LGALS9	1.573899735	1.997352517	6.73E-10	7.70E-09
PCSK9	1.980430679	5.924569409	4.14E-89	2.89E-86
RGS14	1.108154663	4.866122572	2.53E-21	9.56E-20
THBS3	-0.775589378	4.24729772	5.43E-10	6.32E-09
SH3TC2	0.901646184	4.589211828	1.02E-10	1.30E-09
GPRIN1	0.580563479	5.507193477	1.88E-07	1.40E-06
PTAFR	1.807003596	1.715804062	3.86E-10	4.57E-09
CXCL8	1.336570385	3.714165373	4.41E-15	9.92E-14
RASSF6	-0.713963725	6.889439014	8.44E-14	1.63E-12
PLEKHA2	-0.636543298	6.301074105	2.28E-12	3.62E-11
GJB1	-0.560497738	6.900226366	2.30E-08	2.02E-07
ANTXR1	-0.909475734	6.345592527	2.51E-23	1.12E-21
CKAP2L	0.666271457	4.339321127	2.81E-08	2.43E-07
BUB1	0.736142492	5.732893177	7.31E-12	1.09E-10
LRRC45	-1.48729209	4.950348454	3.79E-34	3.19E-32
STRA13	-0.796055006	5.309905593	1.09E-11	1.58E-10
ASPSCR1	-1.212270105	7.57784487	1.78E-32	1.37E-30
FASN	0.753227641	9.363910191	4.90E-15	1.10E-13
ZNF32	-0.945035986	3.563868789	1.77E-10	2.18E-09
MYO7B	-0.942398523	3.804957066	8.98E-12	1.33E-10
TMEM154	1.850375478	3.448516934	5.49E-23	2.37E-21
MYRIP	-0.787229812	4.57601611	1.36E-11	1.96E-10
CHRNB1	-0.831831411	5.470905357	2.30E-15	5.26E-14
B3GNT2	-0.678844565	4.870818443	1.40E-08	1.28E-07
SLC30A1	-1.106814092	5.960230122	2.24E-31	1.64E-29
METTL7B	0.662972425	5.780438445	4.94E-10	5.77E-09
KRT86	2.292608709	2.270278282	8.12E-21	2.96E-19
PFKFB3	-0.534604707	5.261408865	1.01E-07	7.87E-07
TMC7	1.274723368	5.935765751	9.57E-36	8.99E-34
SMAGP	0.848711758	5.067616622	6.07E-13	1.04E-11
AKAP13	1.549279088	7.617642806	7.88E-52	1.54E-49
PKHD1	-0.868501525	4.109226921	3.58E-09	3.62E-08
PRKCDBP	2.0007687	6.50649936	9.41E-70	3.54E-67
JUNB	0.669849161	5.292488502	1.67E-10	2.07E-09
KRT19	1.77790777	9.422433302	5.04E-64	1.57E-61
KRT15	1.970549139	4.030394983	5.24E-20	1.82E-18
APLN	-2.622166727	2.76714575	9.37E-44	1.28E-41
MCC	0.883492951	5.527373552	7.00E-16	1.68E-14
ZBTB26	-0.981279145	5.075603538	1.99E-17	5.52E-16
BCL2L1	0.690442662	7.730812202	1.19E-12	1.98E-11
PIK3CD	0.764225589	5.021031569	6.11E-11	8.02E-10
SPSB1	1.154010748	5.13022223	6.86E-23	2.96E-21
ATF7IP	-0.577953236	7.466999103	1.11E-11	1.61E-10
LRRC34	-0.886993184	3.362517398	2.73E-09	2.82E-08
ZNF540	-1.287169036	1.635594474	5.91E-08	4.80E-07
RPS21	-0.678279143	8.119184641	1.84E-10	2.25E-09
FRMD5	1.480437165	5.864369338	1.70E-47	2.68E-45
SCG2	2.079425698	2.253946456	5.87E-18	1.73E-16
CD8B	-1.784919544	1.517852093	2.40E-11	3.31E-10
SNTB1	-1.09398652	7.949652771	5.25E-45	7.61E-43
ISG20	1.457078333	4.11430564	1.14E-20	4.12E-19
CEBPB	0.831236076	6.146332087	1.18E-11	1.70E-10
IL16	2.264436912	1.063383769	1.04E-11	1.52E-10
FGGY	-0.821659816	4.086972162	7.48E-11	9.64E-10
TCEAL1	-0.899599581	4.905602359	1.51E-16	3.89E-15
ZNF24	-0.563987596	6.600231495	5.98E-10	6.91E-09
MANEA	-1.048386478	5.975551531	2.79E-21	1.05E-19
RND1	2.681843339	2.954568079	9.16E-36	8.66E-34
ZNF738	-0.785231851	4.280900782	1.83E-09	1.96E-08
CORO1B	0.694626534	6.652776004	1.16E-12	1.94E-11
RAB37	-1.730955008	1.447278696	1.17E-10	1.47E-09
DCP2	-0.552592867	6.438067656	2.78E-09	2.86E-08
PDP2	0.618722965	7.144998884	1.94E-13	3.57E-12
DHCR7	1.455357884	7.073599034	5.26E-41	6.17E-39
RNASEH2C	-1.131260413	4.876561604	5.48E-19	1.76E-17
MIR4435-2HG	0.7353799	4.871400273	2.24E-10	2.73E-09
RAPH1	0.700210782	5.819048887	1.13E-07	8.79E-07
AHSA2	-1.652110922	7.101480927	9.94E-22	3.92E-20
ABLIM3	0.830153414	5.748941448	3.66E-16	9.12E-15
GPR137	0.779581267	3.747045512	5.79E-08	4.71E-07
TRIB1	1.063930528	6.245248377	6.41E-18	1.88E-16
EHBP1L1	0.611224685	6.781826826	4.19E-12	6.48E-11
RNF26	0.654074512	5.598335351	7.58E-09	7.28E-08
PPP1R14B	0.862567075	5.710387968	8.17E-12	1.21E-10
PC	1.454680017	4.175794405	7.40E-23	3.17E-21
LRFN4	0.548196535	6.469764034	4.31E-08	3.59E-07
EIF1AX	-0.566399596	7.420485209	1.06E-10	1.33E-09
PSMD1	0.521107075	7.371775514	1.82E-07	1.36E-06
HEG1	1.15860158	4.527517586	1.14E-13	2.16E-12
TOMM20	-0.592361396	7.984456193	1.97E-11	2.77E-10
JUP	1.146273962	7.256159677	1.41E-24	7.06E-23
KCNH6	-1.971534137	1.491930883	3.30E-14	6.64E-13
PLK3	0.80522534	4.095330589	3.54E-10	4.21E-09
KLHL15	-0.742169121	5.879693922	3.57E-15	8.08E-14
GNG5	0.864351876	5.705426547	1.28E-11	1.85E-10
LEMD3	-0.552305881	5.728719378	1.03E-08	9.65E-08
NA	-2.600371007	2.363478751	1.88E-32	1.44E-30
ADCY6	-0.646458209	6.66371082	4.20E-11	5.61E-10
ZBTB4	-0.516322864	6.779057494	3.46E-08	2.93E-07
LIG4	-0.646167647	5.440313229	5.37E-09	5.31E-08
IGDCC3	-1.066490058	3.804855098	3.44E-16	8.63E-15
ANGEL2	-0.623874502	5.668861311	7.26E-11	9.38E-10
UGT8	-0.684652121	3.894247915	2.22E-07	1.63E-06
TMEM167A	-0.722137991	6.705300139	4.93E-15	1.10E-13
SH3PXD2B	0.954813195	4.936085037	9.56E-15	2.07E-13
RIN1	0.663438275	5.006626023	6.34E-10	7.29E-09
UBE2C	0.871817931	5.707430486	1.16E-12	1.93E-11
PSMD2	0.743909611	7.566811102	2.51E-16	6.38E-15
DDIT3	0.73736177	5.865304541	1.70E-14	3.57E-13
CKAP5	0.484394111	8.93796272	9.78E-08	7.65E-07
ARHGAP1	0.611223823	6.342622409	1.37E-11	1.96E-10
GOLGA8A	-1.65304556	2.939040763	3.28E-22	1.34E-20
PHYHD1	2.363843335	0.531176475	1.42E-08	1.30E-07
CCNE2	-1.176574157	2.976508281	1.91E-13	3.52E-12
ANKS4B	-1.226084156	2.354911541	8.97E-10	1.00E-08
CLTB	0.816477613	5.296939929	2.31E-13	4.19E-12
CCDC14	-1.079484104	6.060404833	1.03E-19	3.48E-18
SART1	0.580361188	6.812856035	1.05E-09	1.16E-08
MCTP1	-0.678015198	4.669099919	1.39E-09	1.52E-08
KCNE3	-0.539382157	5.66350859	1.70E-08	1.54E-07
ALG10B	-0.86823663	4.990490579	5.16E-13	8.95E-12
DRAP1	1.027020252	6.25544927	2.38E-27	1.42E-25
FOSL1	2.119288607	6.633924171	1.18E-83	7.19E-81
C11orf44	3.427776836	0.445849441	3.21E-09	3.28E-08
NR2F1	-0.853208354	4.178498025	5.71E-10	6.61E-09
SFN	1.774679862	5.983242288	1.12E-51	2.16E-49
ZDHHC21	-0.909790886	5.298854578	1.45E-14	3.09E-13
TUBB6	1.709608476	4.328183044	4.30E-29	2.81E-27
MBLAC2	-0.957737641	4.73900358	1.01E-17	2.89E-16
TPRN	0.818578004	4.105395104	2.92E-08	2.51E-07
AIM1L	1.35461216	5.192743254	4.91E-33	3.91E-31
FOXG1	-0.911675092	3.947700117	9.87E-09	9.30E-08
EID2B	-1.437690604	2.22176472	4.51E-12	6.96E-11
MYO1D	0.597737771	7.537430288	8.03E-09	7.69E-08
FOXL1	1.431533008	2.446918325	7.63E-12	1.14E-10
CDK5R1	-0.587730383	4.950628412	3.41E-08	2.89E-07
MTHFR	0.729411088	5.620971107	4.04E-13	7.12E-12
TMEM80	-1.101528278	4.505973284	3.26E-21	1.22E-19
FBXO46	-0.635767031	5.110296755	3.43E-08	2.90E-07
ZDHHC22	-0.777764582	3.437875101	1.21E-07	9.32E-07
PTRF	0.590726489	6.429991029	1.40E-07	1.07E-06
ZBTB33	-0.510105151	7.389532742	2.07E-10	2.53E-09
SLC25A22	0.687061621	6.063155778	2.35E-13	4.27E-12
JUN	0.526876137	7.503558322	1.82E-10	2.23E-09
CRACR2B	-0.835961822	3.283619852	2.87E-08	2.48E-07
CD151	0.503262939	7.250082225	3.80E-09	3.83E-08
FLII	0.751465916	7.825440795	5.00E-15	1.12E-13
ZNF518A	-0.616244489	6.359640956	8.20E-09	7.84E-08
ARL6IP6	-0.750036445	4.401261046	3.92E-10	4.64E-09
DMAP1	-0.888501309	5.055228486	5.98E-15	1.32E-13
STAP2	0.861896602	4.11594846	3.29E-10	3.94E-09
DDX10	0.69033553	6.981303224	3.13E-10	3.74E-09
PLEC	1.341289035	10.15819699	6.48E-26	3.53E-24
NT5DC1	-0.477246873	6.605975348	1.47E-07	1.12E-06
P4HTM	-0.59351383	5.467284332	2.81E-09	2.89E-08
DTX3	-0.616881652	5.157139246	1.47E-08	1.34E-07
CA8	-1.527467851	1.340171357	2.54E-08	2.22E-07
EPM2AIP1	-0.906013061	6.189682898	5.06E-15	1.13E-13
SUZ12	-0.50387103	6.637824079	1.91E-09	2.03E-08
GRINA	0.548288173	6.428700063	2.27E-08	2.00E-07
FAM219B	-0.823104907	5.975918362	2.56E-09	2.67E-08
HYI	-1.550862939	1.608879328	3.76E-09	3.79E-08
CTC1	-0.683468121	5.823530977	2.64E-12	4.17E-11
SEPW1	-0.82023525	5.618832543	9.32E-18	2.68E-16
RRS1	0.602664138	5.088584627	2.11E-08	1.87E-07
SAMD4B	0.847592231	6.902686967	8.92E-19	2.81E-17
ALOXE3	2.019368029	2.667324174	1.79E-19	5.96E-18
NA	-1.40458873	3.808736207	3.65E-22	1.48E-20
ARID3B	0.709352936	4.250123518	4.01E-08	3.37E-07
MKRN3	-1.23698613	3.76125041	4.15E-14	8.22E-13
ZBTB18	-1.264211338	6.337462241	6.97E-41	8.10E-39
ZFPM1	-0.96255506	4.258681699	7.14E-11	9.25E-10
PCED1B	0.908599554	3.048802108	3.89E-08	3.27E-07
APOBEC3B	2.547077488	3.017984087	8.56E-33	6.71E-31
BBS10	-0.919561118	4.909454251	1.96E-15	4.51E-14
PPP1R14BP3	0.887164276	4.062440565	3.31E-08	2.81E-07
SOCS4	-0.699097511	6.605766169	2.93E-13	5.26E-12
RCC1	0.602880271	7.100810794	3.95E-12	6.12E-11
FGD6	1.34293591	3.971924518	1.60E-19	5.35E-18
MTURN	-0.737310657	4.700201458	5.83E-11	7.66E-10
C11orf71	-1.342373989	2.89021284	2.52E-15	5.75E-14
PCGF5	-0.635195069	6.291339685	1.12E-11	1.63E-10
PRF1	1.574961947	2.578556544	2.49E-12	3.94E-11
TMEM64	-0.750711783	4.88690654	1.16E-10	1.46E-09
CLRN3	-0.835296193	5.048441776	7.41E-14	1.44E-12
NQO1	0.612910323	8.083314857	1.31E-08	1.21E-07
AEN	0.902000519	6.057375912	1.77E-20	6.34E-19
POLR2A	0.505733426	9.099717581	2.85E-09	2.92E-08
LRRC75A	-1.032549053	2.864934814	1.18E-09	1.30E-08
AATK	-1.976647712	0.865776993	1.35E-08	1.25E-07
RAP2B	0.561951927	5.571946715	1.08E-07	8.41E-07
ACBD4	-0.994618149	3.184600948	3.81E-09	3.84E-08
C6orf223	2.784295082	3.030443201	1.55E-36	1.52E-34
PLAG1	-0.664907444	4.885681319	2.60E-09	2.70E-08
ZBTB20	1.213388556	4.708350535	5.15E-11	6.80E-10
AMIGO1	-0.976665878	2.725748945	2.07E-08	1.84E-07
LSM10	0.693993885	4.115771953	7.90E-08	6.26E-07
RNF41	-0.506134899	6.271217508	5.00E-08	4.11E-07
C5orf24	-0.460050214	6.981994536	1.09E-07	8.44E-07
CHST15	-0.912277005	5.680702355	1.07E-22	4.54E-21
CREB3L2	0.5765007	7.078333973	6.34E-11	8.30E-10
EXT1	0.749121333	4.543379904	1.74E-10	2.14E-09
B4GALNT4	-1.709215833	3.468899219	4.32E-24	2.05E-22
NXPH4	-1.700657286	1.572386874	1.67E-11	2.37E-10
KPNA2	0.707319701	7.293041981	2.09E-09	2.21E-08
SATB1	-0.645033659	4.800208837	1.15E-08	1.07E-07
EPHB3	-0.739524834	4.777262908	1.04E-10	1.31E-09
PLCB1	-0.872375227	5.235955169	2.62E-18	7.92E-17
ANXA2	1.589527159	8.955076769	2.58E-61	7.14E-59
C1orf116	0.748476671	7.339267396	4.05E-13	7.14E-12
RRP7BP	-0.851881798	4.089737957	5.50E-08	4.49E-07
SPATA13	-0.429479822	7.579369632	2.86E-08	2.47E-07
SPNS2	0.62707639	8.561838224	3.44E-10	4.11E-09
ABAT	0.974887277	3.939731827	6.94E-13	1.18E-11
AFMID	-0.703840611	5.888283113	7.27E-15	1.59E-13
PRR36	-1.125588729	2.766365864	1.60E-10	1.98E-09
DDX41	0.668601268	5.679216164	3.84E-10	4.56E-09
GPR132	1.161382128	3.362357497	1.05E-12	1.76E-11
FAM46C	-3.001382513	3.076949114	1.43E-51	2.69E-49
ZNRF3	-0.436163215	7.339873882	4.82E-08	3.98E-07
FAM101B	-0.93093045	2.857799901	5.67E-08	4.62E-07
UPP1	1.54460064	5.575329457	1.47E-41	1.78E-39
TRIM52	-1.0072877	5.328764112	1.48E-11	2.12E-10
CMTM4	-0.637998769	7.765659612	2.16E-11	3.01E-10
ASCL2	-1.408414406	5.7176437	9.40E-37	9.37E-35
MACC1	-0.826882536	8.102757078	3.91E-23	1.71E-21
NA	2.103845245	1.949164681	6.46E-11	8.43E-10
KREMEN1	-0.48169119	6.684114888	5.80E-08	4.72E-07
GPR39	0.877519103	3.616450421	2.28E-08	2.01E-07
FAM3B	-1.86646291	2.410172053	1.83E-21	6.97E-20
KIRREL	0.561259772	5.075610063	8.12E-08	6.42E-07
SCN5A	-0.767216484	8.110896587	1.27E-18	3.93E-17
TTC32	-1.096463465	3.603595154	7.43E-09	7.16E-08
KCNH8	-1.167428768	5.122631389	6.89E-12	1.03E-10
ACTG1	1.304642848	11.68074944	3.30E-26	1.85E-24
DENND5A	0.477497706	7.189334515	2.47E-09	2.59E-08
GPR173	-1.675126733	3.940525991	5.53E-35	4.88E-33
OAF	0.64279273	6.05574986	8.04E-12	1.20E-10
CCSER1	-0.882793627	3.124537068	2.81E-08	2.43E-07
ZDHHC23	-0.725961941	4.937806588	9.58E-10	1.07E-08
SRPK3	-1.560973561	1.533894616	1.35E-09	1.48E-08
CSF1	2.358983792	1.251301546	1.94E-08	1.74E-07
KNTC1	-0.863527912	5.737858064	5.62E-15	1.25E-13
TMEM255B	1.400446451	2.221700166	2.73E-09	2.82E-08
PROS1	-0.840241582	3.813811512	2.79E-09	2.87E-08
09-sep	0.517946644	9.461708484	1.12E-07	8.69E-07
CDCA2	0.831910402	4.617505754	1.64E-12	2.68E-11
FAM110C	-1.192492286	4.029806336	8.52E-20	2.89E-18
ATL3	-0.592250689	4.871983536	6.86E-08	5.50E-07
UBE2G2	-0.828016038	7.559910692	4.97E-13	8.65E-12
JAG2	-0.621488421	6.630968898	8.23E-10	9.28E-09
FMNL1	1.553999332	6.438724342	1.46E-57	3.44E-55
SORCS2	-2.20188506	2.197703141	9.03E-25	4.62E-23
ROBO2	-0.869682326	4.728200429	2.88E-14	5.87E-13
MAFF	1.16372237	4.756517656	1.57E-23	7.11E-22
SEMA4B	0.666686102	4.910770495	3.73E-09	3.76E-08
CIB1	0.760948696	5.205397627	1.10E-09	1.22E-08
ANO9	-1.118875804	6.224823792	2.97E-10	3.57E-09
HSF1	0.592071916	6.222609276	4.61E-10	5.41E-09
NRBP2	-1.297380755	3.995644654	7.48E-23	3.19E-21
TNFAIP2	2.369966633	2.809586377	8.68E-29	5.60E-27
PRPF39	-0.802075635	5.908418229	4.10E-10	4.82E-09
UBALD2	0.589473972	5.887824387	3.35E-10	4.00E-09
NOTUM	-1.470676688	9.076187309	2.81E-53	5.72E-51
HGS	0.686784826	7.363899417	9.23E-14	1.77E-12
L3MBTL1	-0.759302458	4.489313468	4.35E-08	3.62E-07
AHNAK2	2.085118495	6.431378322	1.15E-39	1.25E-37
PDIA2	-2.048843372	1.264593671	3.91E-14	7.79E-13
ZFP36L1	1.453858492	8.917580558	1.12E-74	4.68E-72
BRWD1	-0.569974155	7.166363237	1.75E-07	1.31E-06
CXorf38	0.501399268	6.576421043	1.38E-08	1.27E-07
KCNIP4	2.521631371	0.393177287	2.16E-08	1.91E-07
RNPC3	-0.930375478	4.531222888	1.19E-14	2.56E-13
LRCH3	0.517052606	6.655542854	4.66E-08	3.86E-07
LEMD1	0.884060382	3.301720768	7.85E-08	6.22E-07
ANKRD46	-0.706397642	4.012256543	2.47E-08	2.16E-07
ZBTB6	-0.681630356	4.942922132	1.27E-09	1.39E-08
BCL9L	0.614422076	8.479816746	1.11E-08	1.04E-07
GLDN	-0.836256317	3.301221691	1.05E-07	8.14E-07
SPATA12	1.249630187	2.35542704	2.05E-08	1.82E-07
PCLO	0.913187314	6.246106537	7.32E-20	2.51E-18
INSIG1	1.89142963	6.254284415	1.59E-40	1.82E-38
NF2	0.640243664	6.181670847	2.15E-10	2.63E-09
C6orf1	1.379377271	3.633946644	3.45E-19	1.12E-17
SPIN4	-0.834330314	6.21164557	6.62E-17	1.76E-15
TNFRSF18	-0.976857083	4.52531056	2.77E-14	5.67E-13
ESPN	-1.259515624	4.165664339	1.01E-17	2.89E-16
TEAD1	-0.527969996	8.454343218	7.82E-10	8.84E-09
TSPYL4	-1.094949204	6.351628378	1.09E-28	6.81E-27
GCNT1	-1.543514629	4.55905875	8.27E-36	7.87E-34
BCAM	-2.003228628	3.607374319	1.41E-40	1.63E-38
EPOR	-1.454498487	3.803344209	5.37E-26	2.95E-24
AGMO	-1.490492213	3.664186416	1.13E-24	5.74E-23
TRPV2	0.962320766	5.121739549	2.52E-14	5.19E-13
CARD9	-0.655851612	4.751417431	7.02E-08	5.60E-07
HIST1H1C	1.660932541	3.939463209	1.94E-17	5.38E-16
EIF4EBP1	0.703118	6.45686097	4.66E-08	3.86E-07
S100A3	1.475808575	2.957362971	1.96E-12	3.15E-11
ARL4C	1.191875611	3.534430582	1.24E-12	2.06E-11
WNT7B	1.995315607	3.357787607	1.12E-24	5.74E-23
C11orf95	-1.078866317	6.352015487	7.35E-23	3.16E-21
C6orf132	1.309221682	2.026918895	6.99E-08	5.59E-07
HNRNPU-AS1	-1.659556471	6.261425282	9.70E-21	3.53E-19
DCUN1D3	-0.942131246	5.350777789	1.44E-19	4.82E-18
SLC38A3	-0.67821622	4.530124842	9.52E-08	7.46E-07
GTF2F2	0.535474026	5.7871423	2.25E-07	1.65E-06
CHM	-0.461239326	6.544505572	1.43E-07	1.09E-06
FAM83G	0.650078821	6.591032986	7.03E-13	1.20E-11
SRSF10	-0.726707639	7.970700266	6.71E-17	1.78E-15
S100A16	1.447882063	7.621925544	5.34E-37	5.43E-35
PTAR1	-0.96869183	7.007932538	3.51E-19	1.13E-17
ZDHHC9	-0.606493308	7.972825942	6.93E-11	9.00E-10
ZBED6CL	-0.728080984	4.631128802	2.51E-09	2.62E-08
NOXA1	-1.272662455	3.053857731	6.99E-15	1.53E-13
NHLRC3	-0.904513606	5.300890027	3.70E-16	9.20E-15
ENTPD8	-1.93838348	2.887141481	3.35E-28	2.06E-26
GJB3	2.969578594	3.267707775	6.46E-38	6.81E-36
ADAT2	-0.876039761	6.711856635	1.28E-16	3.32E-15
NDUFA4	-0.595731393	6.238297377	1.23E-10	1.54E-09
FAM111B	-0.67967428	5.196869305	1.01E-08	9.51E-08
CLDN4	0.915988568	7.041717661	9.10E-24	4.24E-22
ZNF33A	-0.56083599	6.223378763	3.53E-08	2.98E-07
HMGB1	-0.605366832	6.6019327	4.15E-13	7.29E-12
SH2D5	2.013821544	1.57524089	2.13E-12	3.40E-11
SPATS2L	0.76209703	6.837273756	5.90E-10	6.82E-09
STK40	0.504431775	6.788029783	5.34E-08	4.37E-07
TMEM63A	-1.029428064	4.867078784	1.30E-12	2.15E-11
ZNF493	-0.793438645	4.282029954	2.44E-09	2.55E-08
LONP1	0.597455339	7.294243948	2.81E-10	3.40E-09
ARMCX4	-0.759102307	4.510650026	2.00E-09	2.12E-08
ZNF605	-0.687059339	4.440753731	6.65E-09	6.46E-08
C20orf96	-1.134918444	2.853235794	1.39E-11	1.99E-10
NCOR2	0.573127431	7.965181935	1.10E-08	1.03E-07
MAN2A2	-0.654612007	6.298362903	4.31E-10	5.07E-09
MME	-1.932103839	6.68669262	1.18E-105	1.24E-102
LAMA2	-1.493065481	3.964220273	1.09E-28	6.81E-27
ZFP62	-0.566262255	5.933371776	1.64E-08	1.48E-07
ZNF33B	-0.727459269	7.067080924	1.10E-16	2.87E-15
COL27A1	-1.858671925	2.763434107	1.28E-22	5.36E-21
S100A2	1.589279464	3.374697532	6.75E-19	2.15E-17
CD47	-0.625557719	6.119281068	1.28E-10	1.60E-09
LAMB3	1.102627656	7.013868217	1.94E-33	1.57E-31
KPNA5	-0.57666577	4.877563103	8.80E-08	6.94E-07
PDLIM7	0.989717362	4.756704089	2.12E-17	5.88E-16
FLNA	1.585802703	10.16382007	2.31E-64	7.37E-62
SRGAP1	1.796437801	5.011221611	2.37E-40	2.69E-38
SLC39A10	0.476031571	7.820508577	8.64E-09	8.21E-08
ANXA6	-1.005767139	3.729952709	4.28E-11	5.70E-10
GMFB	-0.558300463	6.36993356	7.72E-08	6.12E-07
DYNC1H1	0.866759201	10.20584338	1.20E-15	2.81E-14
ABCB8	0.70905947	4.359413126	2.44E-09	2.55E-08
NOL4L	-0.550076177	6.146491794	3.98E-09	4.00E-08
ZNF165	1.678282451	3.832729546	7.11E-26	3.86E-24
SVIL	0.716937569	6.172729253	2.46E-13	4.45E-12
LRP10	0.813137012	6.435416164	5.76E-12	8.82E-11
HTT	0.58135889	7.148723392	2.95E-09	3.02E-08
DIO3	-2.396406982	2.074629251	8.37E-25	4.30E-23
SIPA1L1	0.939906896	5.259632897	1.66E-15	3.84E-14
FAR1	-0.630781143	7.829695162	1.70E-13	3.15E-12
SPTAN1	0.688495119	8.859307617	1.52E-14	3.22E-13
S100A10	1.48839207	8.197477014	1.73E-32	1.34E-30
TAF13	0.848818907	4.934139328	3.60E-14	7.20E-13
ATAD3A	0.552699374	5.416554012	7.65E-08	6.07E-07
ADAMTSL2	-1.794650577	6.033393598	1.06E-63	3.22E-61
TEAD4	1.003033737	5.698393837	1.73E-18	5.28E-17
S100A6	1.217201227	9.387489441	2.33E-34	1.97E-32
ZNF84	-0.860611175	6.127928099	2.18E-16	5.56E-15
NUP62CL	-0.71432626	4.059828983	1.18E-08	1.09E-07
ZNF248	-0.635970714	5.064995401	1.39E-09	1.51E-08
MAN1A2	-0.433761044	7.362646193	1.08E-07	8.37E-07
DDRGK1	0.547151648	6.334654023	6.30E-08	5.09E-07
TFDP1	-0.465315443	6.871412227	6.54E-08	5.27E-07
MLLT4-AS1	-1.552463382	1.430360142	1.80E-08	1.62E-07
FAM109A	0.914637554	4.48929791	1.05E-13	1.99E-12
ASPH	0.918928094	8.829505036	2.08E-32	1.58E-30
WWP2	0.515379811	7.201917255	1.03E-07	8.00E-07
TXNRD1	0.455034965	7.879320031	1.98E-09	2.10E-08
SH3BGRL2	-0.598466159	6.815384091	5.50E-13	9.53E-12
C20orf203	-2.172306672	0.78365354	8.80E-10	9.90E-09
ZNF789	-0.798473566	4.716590613	1.74E-10	2.14E-09
ARC	1.521121416	2.178647859	1.76E-09	1.89E-08
BAZ1A	0.467933601	7.075402587	1.48E-08	1.35E-07
MT-CO2	-1.118960074	12.29393901	1.44E-18	4.42E-17
UNC13B	0.562320144	5.843645224	2.62E-09	2.71E-08
MT-CYB	-0.849424021	12.2922992	3.03E-13	5.42E-12
LDB1	-0.573515474	5.961856853	9.60E-09	9.06E-08
F5	-0.739747129	3.746301565	6.49E-08	5.24E-07
CDC42BPB	0.487822848	7.528074046	8.00E-10	9.04E-09
COLGALT2	0.623271143	7.737799952	4.88E-13	8.52E-12
EPS8L3	-0.598495289	7.275033703	8.96E-14	1.73E-12
MT-ND2	-1.65176777	12.1122802	6.29E-47	9.70E-45
RCSD1	-2.979707064	1.780105981	1.48E-29	9.94E-28
MT-ND5	-1.682422996	11.47908499	2.68E-58	6.66E-56
MT-CO1	-1.787122593	12.95444109	1.47E-63	4.41E-61
MT-ND3	-0.912753457	10.01525702	5.38E-23	2.33E-21
NA	-0.595059066	4.933685201	3.16E-08	2.70E-07
MT-ND4	-1.161766208	13.45660271	8.47E-28	5.13E-26
MT-ND1	-1.795054514	11.87095798	5.05E-51	9.13E-49
MT-ATP6	-1.166259105	11.87943104	1.20E-22	5.04E-21
TOP1	0.591047604	7.89419654	1.65E-09	1.78E-08
L1CAM	1.202544249	7.473650467	1.42E-35	1.31E-33
SREBF2	0.628746307	8.135761128	1.66E-12	2.70E-11
RPL39	-0.546903285	6.451409024	4.53E-10	5.31E-09
TBKBP1	-0.938979442	4.208430422	1.28E-11	1.84E-10
MT-CO3	-1.035752256	12.76949628	6.68E-24	3.15E-22
SOWAHA	-1.124669272	2.748758955	9.62E-11	1.23E-09
L3MBTL3	-1.629641555	6.289017896	1.58E-57	3.67E-55
TGM2	2.693378798	4.784510367	1.08E-57	2.60E-55
INF2	0.551775783	8.429882784	2.60E-09	2.70E-08
CCDC162P	-1.63239702	2.397739261	2.04E-16	5.23E-15
PCMTD2	-0.739634059	7.283854467	8.70E-18	2.51E-16
CHIC1	-1.037507944	4.990400946	1.24E-17	3.51E-16
C2orf72	-0.889028784	3.429237858	1.84E-09	1.96E-08
ZDHHC18	0.664415847	4.451226125	2.17E-08	1.92E-07
ZDBF2	-0.713014174	5.605561123	1.91E-12	3.09E-11
SPIN3	-0.751077964	4.27646715	2.73E-08	2.37E-07
TCTN1	-1.024787161	4.409236137	1.62E-17	4.55E-16
IGFL4	-1.01527759	5.390720914	3.47E-16	8.67E-15
SPIRE2	-0.915215366	5.720518423	1.82E-14	3.81E-13
TECPR1	0.874341118	4.843042171	7.26E-12	1.09E-10
KRT81	3.845427923	3.495183281	1.04E-61	2.94E-59
RGL3	-1.239918017	5.097778384	1.61E-17	4.51E-16
MFSD2B	1.578272671	5.877918729	2.63E-17	7.25E-16
ITSN1	0.69954529	4.907222232	8.92E-11	1.15E-09
KLRC2	-1.53078934	3.575731408	1.66E-26	9.47E-25
NYNRIN	-2.14990448	1.04626603	1.96E-11	2.75E-10
ZDHHC11B	-2.07769838	1.602970128	3.81E-18	1.14E-16
FOXL2NB	-0.961665193	4.503213484	2.99E-13	5.36E-12
CFAP44	-0.891861671	3.906421252	3.87E-10	4.58E-09
THUMPD3-AS1	-0.963029954	5.598514044	1.63E-10	2.02E-09
MT-TL1	-2.023925625	3.886355185	1.83E-42	2.35E-40
MT-TV	-2.566275373	1.260050355	8.16E-15	1.78E-13
MT-RNR2	-1.391716034	14.39632906	1.82E-41	2.18E-39
MT-TM	-2.344528506	1.521189642	1.50E-13	2.80E-12
MT-TS1	-2.222931915	0.541786816	1.90E-08	1.70E-07
MT-TE	-1.859456149	1.593211569	1.65E-09	1.78E-08
MT-TP	-1.249229868	2.859851812	2.82E-11	3.86E-10
STK38L	-0.559887849	8.31905324	6.07E-13	1.04E-11
MT-ND4L	-1.804710089	9.914302546	3.15E-48	5.18E-46
DENND1B	-0.701796508	4.24043214	1.53E-08	1.39E-07
NA	-1.114691357	5.232731729	2.86E-23	1.27E-21
RANP6	-0.699198119	4.359148678	4.29E-08	3.58E-07
SIPA1	0.78080547	4.286039449	5.23E-08	4.29E-07
FIRRE	-0.868718468	5.525930213	5.01E-11	6.63E-10
LEPROT	-0.730902494	5.511977502	2.41E-12	3.82E-11
LBH	3.132771115	2.931168397	5.95E-29	3.86E-27
SLC35F6	0.839601493	6.031623854	6.81E-18	1.98E-16
ACTBP2	0.943569441	5.138381634	4.27E-13	7.49E-12
DNASE1	-0.650404885	4.462538938	1.81E-07	1.35E-06
GALT	-0.863721623	3.991862832	2.57E-10	3.12E-09
ITGA1	-0.952836909	3.236423064	1.27E-09	1.40E-08
NA	-1.478740509	5.315880498	7.91E-19	2.51E-17
AP1G2	-0.567093018	6.588975776	8.83E-10	9.92E-09
NA	-1.465958298	5.088980469	5.05E-14	9.96E-13
LINC00887	2.831645086	1.632983258	6.71E-19	2.15E-17
ALG3	0.645501291	5.245254608	2.05E-07	1.51E-06
VAC14-AS1	-0.849676394	3.577930883	1.61E-08	1.46E-07
RPS3AP26	-1.148382941	2.235499119	8.25E-09	7.87E-08
STARD10	-0.977319003	5.583907722	5.27E-18	1.56E-16
EML6	-1.503733522	2.197238086	5.95E-12	9.05E-11
MUC5AC	4.375141142	2.07461842	2.62E-31	1.91E-29
GOLGA8B	-1.411509439	6.027041636	2.66E-13	4.78E-12
DHRS4-AS1	-0.7107266	4.570652826	4.77E-10	5.57E-09
DDX3X	-0.396261178	9.372809484	1.96E-07	1.45E-06
KRT19P1	1.753026185	1.596859817	8.53E-09	8.12E-08
ZSCAN12P1	1.561123389	2.723626752	2.37E-13	4.30E-12
RPS18P9	-0.955795931	3.876602258	1.86E-12	3.02E-11
NPTXR	-0.93915698	4.870243388	8.42E-19	2.66E-17
TIGD1	-1.151779009	4.872312462	9.12E-24	4.24E-22
CCNL2	-1.449438992	7.846427316	4.76E-12	7.34E-11
LINC01124	-1.639594656	3.240684264	6.52E-22	2.60E-20
NSUN5P1	-0.983743204	4.105882445	1.63E-14	3.44E-13
NA	-1.341513563	5.336664719	5.82E-12	8.89E-11
NA	-0.956949257	3.455323974	7.43E-10	8.43E-09
NA	-0.747842724	3.687439885	1.14E-07	8.83E-07
HNRNPA1P48	0.633408709	4.516868378	1.52E-07	1.15E-06
NA	2.220261511	0.264473034	9.24E-08	7.27E-07
NA	-1.256457725	5.566366534	6.69E-18	1.95E-16
NA	-1.294049785	2.940123919	1.72E-15	3.99E-14
NA	2.017199094	2.600755454	2.19E-19	7.24E-18
PPP1R26-AS1	-0.842906036	2.993138685	1.46E-07	1.11E-06
MTND2P28	-2.084251927	8.311389241	2.11E-41	2.51E-39
FAM195B	0.892396505	4.801344644	1.03E-11	1.50E-10
NA	-1.312630095	2.227565319	2.92E-10	3.52E-09
DBH-AS1	-1.169627155	2.976279211	4.51E-13	7.88E-12
RPL26P19	-0.608896122	5.193189468	2.33E-08	2.04E-07
NA	1.862445502	3.911848226	3.75E-16	9.29E-15
NA	-1.170069001	2.401201841	1.18E-09	1.30E-08
HSBP1L1	-1.708914745	2.288861974	4.13E-16	1.02E-14
ERVMER34-1	-0.802492433	5.867446242	6.23E-17	1.67E-15
GTF2IP7	1.804662344	2.214030733	2.97E-11	4.05E-10
C14orf132	-0.891288523	3.457000926	7.47E-10	8.47E-09
LINC01268	-1.598444119	4.412856656	6.82E-40	7.62E-38
NA	-1.032063061	5.306430473	4.38E-08	3.64E-07
MFI2-AS1	-1.972743545	1.343261235	3.49E-13	6.18E-12
HCG11	-0.589459243	5.560278116	2.99E-08	2.58E-07
MIR34AHG	-1.423376463	1.95730222	8.20E-10	9.26E-09
MEOX2-AS1	-1.947139966	0.653813773	3.12E-08	2.68E-07
RPL41	-0.727008638	4.579317095	2.51E-08	2.19E-07
LINC01315	-1.157091609	3.103929042	4.08E-14	8.10E-13
NA	-1.72163913	1.568063335	3.61E-11	4.84E-10
NA	-1.620337381	2.832882531	2.78E-20	9.77E-19
PROX1-AS1	-1.031923814	6.199404968	6.67E-31	4.76E-29
NA	2.386007796	3.241422102	1.47E-35	1.35E-33
RPS18P12	-1.185324715	4.229786856	3.14E-13	5.61E-12
CDC20P1	1.223538769	2.150591704	4.30E-08	3.59E-07
MORF4L2-AS1	-1.553780252	2.135805255	1.76E-13	3.24E-12
KLF3-AS1	-1.691697358	2.724806979	2.70E-21	1.02E-19
SBK3	3.268395822	1.133923904	6.05E-13	1.04E-11
LINC00704	2.265663975	3.591727114	2.54E-35	2.28E-33
NA	2.11811805	6.511919956	2.87E-94	2.34E-91
NA	-1.836241261	1.077402489	3.15E-09	3.22E-08
MTHFD1P1	1.377479613	1.237966516	1.92E-07	1.43E-06
ANXA2P2	0.917496726	3.761856265	9.92E-11	1.26E-09
NA	1.387463128	1.857789899	1.83E-08	1.65E-07
EEF1B2P3	-0.987942579	3.345702929	9.31E-11	1.19E-09
LINC01346	-1.075980303	2.442640048	5.54E-09	5.47E-08
PFN1P1	0.786312651	4.877875021	1.07E-08	1.00E-07
NA	-0.725604707	4.715871702	4.00E-10	4.72E-09
ZNF736	-1.171963132	4.538491185	6.29E-12	9.53E-11
SLC25A25-AS1	-1.014698894	5.15003886	1.01E-15	2.39E-14
SNHG20	-0.905505475	4.462017425	2.74E-12	4.32E-11
NA	2.871455196	0.731271101	1.38E-07	1.06E-06
NA	1.191655599	2.386950987	1.98E-09	2.10E-08
HGH1	0.719200037	3.960432631	3.60E-08	3.04E-07
PPP1R3E	-0.86295921	5.002599331	6.86E-11	8.92E-10
LINC01278	-0.784241898	6.271498672	9.92E-19	3.10E-17
HLA-A	-4.834172755	1.069567582	1.15E-16	2.99E-15
KIAA0040	1.282073083	4.829249208	3.11E-27	1.85E-25
LINC01564	2.983593229	1.463380121	2.97E-20	1.04E-18
DIAPH2-AS1	2.620012933	0.892011009	3.66E-11	4.91E-10
NA	3.237984811	0.752844013	1.76E-10	2.16E-09
NA	-1.405332055	3.883607799	2.90E-25	1.54E-23
HMGA1P1	1.744873731	2.331542852	1.75E-14	3.67E-13
ARHGEF38	-1.432041671	2.179246229	8.98E-11	1.15E-09
ZEB1-AS1	-0.903124892	3.901774646	7.13E-12	1.07E-10
TUSC8	-2.070217847	1.333679082	3.88E-13	6.86E-12
FAM200B	-0.736334573	4.272693578	6.35E-09	6.20E-08
MTCO1P12	-1.743897219	4.773900847	1.50E-30	1.06E-28
GOLGA2P5	-1.302362832	4.398568163	7.30E-26	3.94E-24
NA	-0.636246544	4.51165378	2.19E-07	1.61E-06
WBP1	-1.118853149	2.92564198	6.39E-10	7.34E-09
GET4	-1.40076919	3.165417196	5.83E-18	1.72E-16
LINC00973	2.077775687	3.883782249	7.27E-36	6.96E-34
ARHGEF25	-0.671858838	4.374665804	1.56E-08	1.41E-07
TMEM189	0.5339449	6.505706529	1.55E-09	1.68E-08
TDGF1	-1.166980204	2.670988938	1.05E-10	1.33E-09
RPL36A	-0.643482895	5.09097483	2.87E-08	2.47E-07
HNF1A-AS1	-1.482557674	1.438620228	3.04E-08	2.61E-07
CD302	-0.799063035	3.880730853	5.64E-09	5.56E-08
ARHGDIG	-1.788392946	1.377700524	1.74E-11	2.46E-10
NA	-0.923929259	7.543034287	1.67E-24	8.29E-23
NA	-1.38851288	1.416979831	4.80E-08	3.96E-07
FTH1P23	1.341857663	1.674653059	1.72E-07	1.29E-06
PRAF2	0.874921938	3.466876852	1.01E-08	9.47E-08
KCTD7	-0.760605484	4.663297107	5.50E-09	5.44E-08
PALM2	1.236226849	3.441246868	4.13E-14	8.20E-13
C6orf183	-1.193880595	2.603087557	1.03E-10	1.31E-09
NA	-0.538522845	6.38363409	1.50E-07	1.14E-06
FAM86DP	0.686230103	4.311501986	6.82E-08	5.47E-07
NA	-1.453097545	2.31835205	6.42E-13	1.10E-11
N4BP2L2	-0.727757675	7.550308911	2.73E-11	3.74E-10
NA	2.073557623	1.216562476	2.23E-11	3.10E-10
RNF139-AS1	-1.078528309	2.828483254	2.82E-10	3.41E-09
RAD51-AS1	-1.349232439	3.908222038	1.47E-16	3.80E-15
NUDT16P1	-1.238031053	3.007806683	1.58E-13	2.94E-12
PGAM5	0.500403995	6.61811573	1.98E-07	1.47E-06
DNAJC3-AS1	-0.852957729	4.046811182	2.62E-11	3.61E-10
RRN3P1	-0.954724767	3.11065599	2.41E-09	2.52E-08
NA	-2.569334637	2.046769131	6.72E-30	4.58E-28
LUCAT1	2.248520802	4.095762473	4.83E-18	1.43E-16
CDK11B	0.657682069	4.634864921	2.77E-08	2.40E-07
MTATP6P1	-1.360341349	8.277591756	1.25E-14	2.67E-13
NA	-3.632985662	1.263737705	3.23E-27	1.91E-25
HMGA1P2	1.689434152	3.712404726	5.44E-25	2.84E-23
NA	-2.830415854	0.925142752	3.33E-15	7.55E-14
NOP14-AS1	1.175847053	3.552845441	1.64E-14	3.46E-13
HS3ST5	-1.313490954	2.820066462	1.83E-14	3.84E-13
PDCD6	-0.666005459	6.827689579	4.54E-15	1.02E-13
NA	1.78298345	0.75601899	1.91E-07	1.42E-06
LINC01021	-1.461951568	4.03213052	1.77E-24	8.71E-23
GLUD1P3	-1.050514454	2.661756757	1.14E-08	1.06E-07
NA	-0.936327808	4.938466494	6.33E-17	1.69E-15
NA	-2.486970844	0.885152808	2.54E-13	4.60E-12
RPL32P3	-0.922317553	5.176304053	1.38E-10	1.72E-09
SCARNA15	-1.230440419	2.773560472	3.68E-11	4.93E-10
LINC01605	-2.298347874	1.492398611	4.19E-17	1.13E-15
NA	2.128139379	2.224226533	3.09E-19	1.01E-17
TUG1	-0.525202844	8.279895279	4.46E-11	5.93E-10
OTUD6B-AS1	-0.577723254	5.28241192	1.06E-08	9.88E-08
PINX1	1.100413146	3.196599785	3.60E-12	5.61E-11
SCARNA9	-0.960100176	2.749405366	1.51E-07	1.15E-06
CHMP1B	-0.630611163	6.614518122	7.02E-12	1.05E-10
NA	-1.739009701	1.801329628	2.66E-11	3.64E-10
NA	-2.729993576	3.093263878	2.52E-56	5.68E-54
MTRNR2L8	-1.436905986	2.677845528	1.47E-12	2.41E-11
LINC00346	1.67940251	2.192121532	5.15E-12	7.91E-11
ZNF10	-0.854127136	3.479556239	2.88E-08	2.48E-07
KLRAP1	-1.232471902	1.874203982	3.16E-08	2.70E-07
NA	-1.401032055	1.557076832	2.78E-08	2.40E-07
PSMA3-AS1	-0.565525653	6.140148777	2.07E-09	2.19E-08
DIO3OS	-2.875594935	5.492143871	2.59E-76	1.11E-73
NA	-1.003469878	2.379431074	1.29E-07	9.89E-07
NA	-0.859871644	3.965403666	9.92E-11	1.26E-09
SLC22A31	-1.817025587	1.128288057	1.51E-10	1.87E-09
NA	-1.076125978	3.028801101	1.41E-07	1.08E-06
NA	-1.154565535	2.632858608	2.66E-11	3.65E-10
NA	-1.08377105	3.391016029	2.14E-14	4.43E-13
NA	-0.706306399	4.61823713	1.26E-09	1.38E-08
JHDM1D-AS1	-1.714556553	4.566716175	5.82E-45	8.36E-43
NA	-1.462911681	2.415001151	8.08E-14	1.56E-12
NA	-1.079468195	3.285332522	1.24E-12	2.06E-11
NA	-2.310157624	3.567372957	2.56E-53	5.28E-51
NA	-1.420511075	1.69942618	1.05E-08	9.82E-08
NA	-0.962721383	3.653998415	1.20E-12	1.99E-11
NA	-1.171008081	3.835337942	1.38E-16	3.57E-15
NA	1.478675971	2.108646152	3.24E-12	5.06E-11
NA	1.830369429	3.113900438	4.37E-27	2.56E-25
NA	-1.06961073	4.830889717	6.34E-17	1.69E-15
NA	-1.44748569	2.688681696	2.34E-14	4.84E-13
NA	-1.635041659	1.386365846	8.52E-10	9.60E-09
NA	-1.20874973	1.582401512	2.03E-07	1.50E-06
MANEA-AS1	-1.583160254	1.491347056	5.99E-08	4.86E-07
NA	-0.861945502	3.106544386	6.05E-08	4.90E-07
PAN3-AS1	-1.409766116	1.692367548	3.05E-09	3.11E-08
NA	-0.982555906	3.433839338	4.51E-11	5.98E-10
NA	-2.134617786	1.703492461	2.72E-17	7.48E-16
NA	-0.733977264	5.98312233	5.82E-15	1.29E-13
NA	-1.64354085	1.52684132	3.35E-11	4.52E-10
NA	-1.872954891	1.892441519	2.56E-16	6.48E-15
RPS7P1	-0.540457774	5.956442518	4.41E-08	3.66E-07
LINC00667	-1.168986939	5.230076374	2.04E-25	1.09E-23
TXNIP	-0.416621143	9.884745189	6.52E-08	5.26E-07
NA	0.837572738	3.68976423	9.31E-09	8.82E-08
NA	1.305981385	1.689468107	1.34E-07	1.03E-06
MYO15B	-0.571341865	7.930138135	6.69E-09	6.49E-08
NA	-1.245490518	5.009332497	2.24E-18	6.81E-17
NA	-1.088642903	3.541808552	1.94E-14	4.05E-13
NA	1.243078736	2.382572064	4.29E-08	3.58E-07
NA	1.207216369	2.727110559	1.47E-09	1.59E-08
ZNF224	-0.933824905	5.12342987	1.05E-15	2.49E-14
NA	-1.067197035	2.556002321	5.11E-08	4.19E-07
NA	-1.249799844	3.790918378	2.47E-20	8.75E-19
NA	1.366231817	3.333040816	2.01E-14	4.19E-13
MTRNR2L12	-1.528753177	4.385527143	5.89E-26	3.22E-24
RPARP-AS1	-0.720834709	4.982145883	2.39E-10	2.91E-09
NA	1.075070861	3.391702075	1.19E-07	9.17E-07
NA	2.262832093	0.908666055	5.14E-08	4.22E-07
NA	-1.42410286	1.501308173	2.09E-08	1.85E-07
NA	-1.474747763	3.228337076	8.62E-18	2.50E-16
NA	-1.381550843	1.988587495	3.88E-10	4.59E-09
NA	-1.546659231	1.388229321	1.71E-08	1.55E-07
NA	1.604932657	2.067099892	5.53E-12	8.48E-11
NA	-0.926038278	2.695578406	4.73E-08	3.91E-07
LIX1L	0.50279811	6.863276634	3.01E-08	2.59E-07
NA	2.307848338	0.345517337	1.20E-07	9.28E-07
NA	-1.11307508	2.094982471	1.44E-07	1.10E-06
NA	-1.728116896	3.643748863	1.50E-35	1.37E-33
NA	-1.342078798	1.682585283	1.04E-09	1.16E-08
NA	-0.977686599	3.862333653	1.57E-12	2.58E-11
NA	0.605412438	7.761902718	8.10E-13	1.37E-11
NA	-0.903500373	5.40003094	3.86E-11	5.16E-10
NA	-0.814213173	5.221428401	5.14E-13	8.93E-12
NA	-1.497238829	1.130806901	7.16E-08	5.71E-07
PAXIP1-AS1	-0.990540598	4.390768802	1.41E-14	2.99E-13
NA	-1.130226551	4.36690233	4.89E-09	4.86E-08
NA	-1.159975036	2.693465946	3.02E-11	4.10E-10
LINC01138	-0.829751719	3.915678471	3.40E-09	3.46E-08
HIST1H3B	1.879515917	0.72669613	7.43E-08	5.91E-07
NA	-0.859617581	2.854880269	1.51E-07	1.15E-06
NOMO1	2.725744026	0.175888823	2.61E-09	2.71E-08
NA	-1.247817318	2.384189276	5.52E-11	7.27E-10
NA	0.684309064	6.887564625	5.16E-15	1.15E-13
NA	-1.529550425	1.062327768	1.75E-07	1.31E-06
HERC2P2	-0.990513422	2.65991165	8.83E-08	6.97E-07
DACH1	-1.180123494	5.640796699	8.58E-35	7.44E-33
NA	2.475467297	0.264482856	2.31E-08	2.02E-07
LINC00869	-0.974489734	3.211401308	1.13E-09	1.25E-08
NA	-2.580541948	1.456753225	1.08E-20	3.92E-19
NA	-1.254415377	3.94020731	6.39E-18	1.88E-16
NA	-1.174428791	3.236997225	5.04E-12	7.74E-11
NA	-1.848693235	0.918117688	1.68E-09	1.81E-08
NA	-1.073295759	4.429622046	3.57E-17	9.70E-16
NA	2.864972528	0.277297251	2.68E-09	2.77E-08
NA	2.008888809	0.810374372	5.25E-09	5.21E-08
NA	-0.918742365	4.833739846	1.49E-13	2.79E-12
NA	-1.209923954	3.721355295	3.17E-14	6.40E-13
NA	2.611286387	2.736703769	5.57E-35	4.89E-33
NA	1.443416917	1.517535622	1.27E-07	9.78E-07
NA	1.441819351	1.976222869	9.13E-10	1.02E-08
NA	0.769235076	4.397806452	4.47E-09	4.47E-08
NA	2.248811869	0.494670655	6.38E-09	6.22E-08
NA	2.49230876	0.609239471	1.78E-07	1.33E-06
NA	-1.446906436	1.309226004	6.03E-08	4.89E-07
NA	2.254653653	1.602184876	1.42E-15	3.32E-14
NA	1.378085816	1.731705486	1.23E-08	1.14E-07
NA	-2.0338013	4.802184714	3.41E-47	5.32E-45
SNHG4	-0.909020378	4.671020491	9.52E-09	8.99E-08
EBLN3	-0.622337653	6.879944375	7.30E-14	1.42E-12
NA	-0.824171	3.592396158	7.11E-09	6.87E-08
