Symbol	logFC	logCPM	PValue	FDR
C1orf112	-1.002421326	3.47665399	8.43E-14	7.83E-13
MYH16	5.601580255	1.783040327	9.82E-64	7.96E-62
MAD1L1	2.16588277	6.687211844	9.47E-142	3.02E-139
LASP1	-0.765356323	9.284203798	5.30E-27	1.09E-25
DBNDD1	1.01987248	4.491088015	3.71E-21	5.57E-20
SLC7A2	-1.118592001	4.568106043	2.47E-25	4.63E-24
THSD7A	2.227664048	2.356600941	1.80E-24	3.24E-23
FAM214B	1.2486351	4.589415961	2.78E-25	5.19E-24
BZRAP1	-1.438425037	3.407441443	1.51E-15	1.61E-14
ITGA3	1.518853431	9.332617731	2.04E-96	3.41E-94
TMEM98	-0.821815208	4.273999464	5.96E-13	5.14E-12
YBX2	-1.434366574	4.550346779	1.93E-28	4.20E-27
MAP3K14	0.893649894	5.528008109	2.12E-18	2.74E-17
ABCC8	-2.77628257	0.28953924	4.23E-13	3.70E-12
TMEM132A	2.173451774	5.987853796	6.64E-125	1.62E-122
TNFRSF12A	0.905280592	6.932316364	4.52E-19	6.08E-18
RALA	0.608491945	7.068087334	2.99E-11	2.23E-10
BAIAP2L1	0.537047213	7.08649468	2.66E-13	2.37E-12
KDM7A	-1.09342008	6.207577315	4.12E-37	1.30E-35
ETV1	-1.68693187	4.530979445	1.34E-57	9.14E-56
PHTF2	-1.116341565	6.187626187	6.25E-30	1.47E-28
NOS2	-1.836975384	2.153178603	4.74E-21	7.08E-20
MYLIP	-1.348635097	3.258272387	1.21E-22	1.98E-21
JARID2	0.909246863	5.601334494	3.64E-20	5.20E-19
ADAM22	-0.955318683	6.06408883	1.34E-31	3.43E-30
SPAG9	0.893089269	8.539937658	7.79E-41	2.95E-39
IL32	6.691030164	3.44418716	8.95E-133	2.47E-130
MAPK8IP2	0.808367874	4.987404319	3.14E-13	2.78E-12
NCAPD2	-0.492633493	7.964633787	4.07E-13	3.57E-12
HIVEP2	1.051709923	6.812421511	4.70E-24	8.27E-23
LYPLA2	0.839229432	5.186809541	1.76E-19	2.42E-18
ABHD5	0.819975097	4.393014611	2.86E-14	2.76E-13
MBTD1	-0.976773496	5.471219564	3.06E-29	6.94E-28
PLAUR	2.788902687	6.985780904	3.72E-162	1.52E-159
TMEM159	1.946096317	4.31315961	6.20E-39	2.11E-37
GABRA3	-1.376526574	5.255983476	3.21E-46	1.49E-44
BRCA1	-1.288680181	6.388421214	2.51E-38	8.29E-37
ERCC1	0.750318733	6.260139478	1.09E-18	1.42E-17
CLDN11	-0.889521103	7.226392825	4.43E-26	8.65E-25
MVP	1.70618661	3.94317271	6.62E-40	2.38E-38
GPRC5A	0.911102007	8.731600092	3.57E-16	3.98E-15
POLA2	-0.790237367	5.105507845	1.21E-15	1.30E-14
CAPN1	0.904406612	8.771557918	4.47E-44	1.91E-42
MTMR11	1.734004954	2.200033147	9.82E-19	1.29E-17
CHDH	-1.119021879	4.074157389	3.89E-21	5.83E-20
IL20RA	-1.201165256	3.105465746	3.22E-15	3.36E-14
IGF1	-2.251452896	2.540848648	2.62E-38	8.63E-37
SYT13	-1.47313204	2.131453875	1.05E-15	1.14E-14
SNAI2	3.735492286	3.453853717	6.15E-88	9.00E-86
ZFP64	0.664287668	4.812518183	8.08E-12	6.37E-11
SAMD4A	0.920479809	6.133903006	7.21E-24	1.26E-22
MRE11A	-1.182260597	6.075133646	2.85E-46	1.33E-44
PLEKHB1	-1.200235009	4.418713972	3.70E-27	7.68E-26
SERPINB1	1.461114977	7.152361877	1.07E-29	2.47E-28
FHL1	1.270650264	4.650243955	1.82E-27	3.84E-26
ALAS1	0.708888067	6.415570023	5.35E-18	6.76E-17
BIRC3	4.451768675	6.770280443	5.00E-205	4.48E-202
GCLM	0.582650488	6.23409513	8.83E-11	6.34E-10
EHD2	2.659548984	3.723548996	2.14E-75	2.37E-73
DEPDC1	-0.863184305	5.671330449	2.09E-17	2.54E-16
NR1H3	-0.849466897	3.386017421	5.93E-11	4.32E-10
TOMM34	1.108851299	6.993771247	8.56E-43	3.52E-41
VIM	2.031727228	9.749188202	3.43E-112	7.02E-110
FAS	1.359830593	5.787148853	3.37E-32	8.80E-31
CD44	1.406791165	8.334677993	1.99E-56	1.28E-54
TNFRSF1B	0.936900966	7.067862901	5.09E-38	1.67E-36
GRN	0.545500432	7.068294335	9.06E-12	7.10E-11
ARHGAP31	2.662276208	3.828634667	1.01E-87	1.45E-85
CENPQ	-1.343218905	3.353768498	1.29E-21	1.99E-20
MAP2K3	1.78308033	6.810150235	5.51E-119	1.23E-116
VCL	0.525207553	8.100289419	4.56E-13	3.97E-12
TIMP2	0.761024126	8.973266129	1.57E-30	3.81E-29
RFC1	-0.67599318	6.628698111	6.82E-16	7.48E-15
CDH1	0.675318842	5.890800569	1.45E-15	1.55E-14
FAM65A	0.996787023	6.468745652	2.62E-29	5.95E-28
SPDL1	-0.721151946	4.696576667	6.03E-13	5.20E-12
PQLC2	1.15339211	4.043146009	2.65E-21	4.02E-20
TNC	5.264020565	5.294051238	3.29E-303	1.57E-299
RETSAT	0.819739501	5.386839665	9.51E-20	1.33E-18
CAPG	1.72287147	6.764582117	3.10E-67	2.78E-65
MAP4	0.599634374	8.413056669	6.81E-16	7.47E-15
HDAC9	2.797078093	2.11050522	6.09E-33	1.63E-31
TSPAN17	0.770453256	5.69078912	7.84E-19	1.03E-17
PER3	-1.181596754	3.246176571	3.21E-17	3.86E-16
TNFRSF9	4.763760096	4.916077775	3.38E-253	1.21E-249
RFC2	-0.903397594	5.681470715	2.28E-26	4.51E-25
NEDD4L	0.955888378	6.926616542	3.08E-35	9.08E-34
NFE2L3	0.714666033	7.983966933	3.76E-16	4.18E-15
SLC4A8	-1.791774084	4.274565025	1.20E-54	7.28E-53
BCAR1	1.164183144	5.530276097	2.42E-26	4.79E-25
RAD51	-1.033908421	3.807805054	7.19E-17	8.46E-16
POLQ	-1.249532352	4.840829063	5.69E-24	9.95E-23
CYBA	0.60289897	5.678742292	5.25E-11	3.84E-10
MPHOSPH9	-0.609430514	5.871273737	1.49E-13	1.35E-12
RRP12	0.621727802	6.097475918	7.86E-14	7.33E-13
MSMO1	1.315043135	6.468628802	9.40E-15	9.43E-14
FOXN3	-0.893433002	6.643553585	3.70E-24	6.54E-23
LAMA3	1.715175012	8.226691788	2.54E-121	5.89E-119
SZRD1	0.699290642	7.407519284	2.45E-21	3.72E-20
KCNH2	1.405681178	5.689552839	6.73E-36	2.05E-34
CYFIP2	-0.759649392	4.858426975	1.80E-15	1.92E-14
MCOLN3	-1.156233658	5.60968421	2.62E-23	4.45E-22
TRAF1	3.634862876	5.44450968	1.35E-196	9.23E-194
IL17RB	-1.823153985	2.175063323	6.51E-23	1.08E-21
GYG2	-1.515149331	2.185094424	4.52E-16	4.99E-15
PRDM1	0.995942924	4.762953148	1.34E-22	2.18E-21
TMCC3	2.199073285	0.483894692	5.30E-11	3.88E-10
LAMC2	2.722607116	8.204722589	1.44E-214	1.47E-211
ATP2B4	4.075646906	5.212179831	3.46E-147	1.24E-144
NDC1	-0.662314662	6.450871844	7.44E-16	8.14E-15
FLYWCH1	0.73917135	5.582556399	5.97E-12	4.74E-11
PARP12	0.72128696	5.144081679	3.58E-14	3.42E-13
SLC2A3	-1.049858127	9.803221661	2.78E-30	6.66E-29
DGAT2	1.437630887	2.556447929	3.98E-18	5.07E-17
LTK	2.030096223	1.617898167	1.46E-15	1.56E-14
ELMO2	0.70983486	5.709847353	3.27E-13	2.89E-12
VMP1	0.643050343	8.872606075	9.82E-14	9.05E-13
POLD1	-1.085314095	5.343036966	3.77E-30	8.98E-29
CA11	-1.150556879	2.942967884	9.91E-15	9.92E-14
GPC1	1.010415456	6.87463849	1.09E-40	4.12E-39
DLX3	0.923725072	3.67684781	3.89E-13	3.41E-12
CTSA	0.910109247	7.492836662	2.94E-34	8.34E-33
PMS1	-0.74690844	5.254498445	1.57E-16	1.80E-15
SLC9A3R2	1.921931242	5.276414114	1.22E-72	1.24E-70
NTHL1	1.107686585	3.72776957	3.93E-18	5.02E-17
MCM10	-1.584266356	4.76462922	9.63E-55	5.88E-53
MYLK	2.197728133	2.898707085	1.16E-35	3.48E-34
COL17A1	2.210096715	3.412235088	3.11E-47	1.49E-45
GSTO2	-1.145476404	2.357721513	8.52E-11	6.13E-10
FAM107B	1.552111513	6.862180243	3.74E-55	2.30E-53
SLC9A7	0.909683805	6.366968166	6.79E-28	1.45E-26
DIP2B	0.821303579	7.080838334	4.04E-27	8.35E-26
NGEF	1.83113363	2.804079364	2.57E-27	5.39E-26
ASPM	-0.526893578	7.442842211	9.66E-13	8.24E-12
ELOVL1	1.340438625	6.086650123	3.82E-44	1.64E-42
FGFR2	-2.355882208	2.895575025	8.77E-48	4.31E-46
MSANTD3	1.401859886	6.331095184	4.21E-57	2.81E-55
PFKP	0.849949467	6.492610405	1.67E-24	3.02E-23
KLF6	2.205537604	8.837808926	5.39E-174	2.58E-171
TNFRSF1A	0.552193778	5.854759359	8.59E-11	6.18E-10
CACNB1	0.973785479	4.42275336	2.08E-13	1.87E-12
STOML1	1.42827093	2.041261603	1.10E-12	9.36E-12
PRKCZ	1.493169474	6.121653462	1.80E-70	1.74E-68
NAV3	2.689430045	1.958106782	3.82E-34	1.08E-32
IDH3G	0.738278167	5.791692685	2.07E-19	2.84E-18
HDAC4	-0.608027085	6.888438487	4.70E-14	4.46E-13
TFE3	0.958583018	6.858902815	4.58E-33	1.24E-31
IFT80	-0.929709419	4.804337225	2.33E-19	3.19E-18
PPP2R5B	1.792459928	4.040939285	3.77E-49	1.92E-47
PITX1	0.761614243	6.279906881	6.87E-19	9.13E-18
MAST4	2.358992848	6.010895874	5.11E-91	7.97E-89
NUCKS1	-0.758985143	8.812268751	1.42E-26	2.84E-25
BCL3	2.149639479	2.431799191	9.48E-31	2.32E-29
GAL	0.990628803	5.095248413	1.37E-20	2.00E-19
RORA	-0.788634283	5.213713676	1.83E-15	1.94E-14
SPTB	-1.533572321	6.000860155	1.10E-26	2.22E-25
SLC44A1	-0.646916528	7.375741379	1.05E-15	1.14E-14
FSTL3	1.396420976	4.762206141	3.16E-35	9.28E-34
JMJD6	0.732206474	5.448420509	1.01E-16	1.17E-15
WIPI1	1.317596933	6.15234431	5.35E-34	1.50E-32
OSBPL3	-0.564924412	8.216580089	7.60E-12	6.00E-11
MAP4K4	1.430203636	8.52593959	1.57E-70	1.52E-68
WDR1	0.789581188	7.881401604	3.89E-28	8.38E-27
RPS6KA2	0.930295287	5.413867811	4.23E-19	5.70E-18
VASH1	-1.191244457	2.586763731	2.68E-12	2.20E-11
TRIB2	-1.680739017	5.393286058	9.85E-57	6.48E-55
FAM50A	0.809605046	6.986285331	3.39E-26	6.66E-25
MYO3B	-2.935829972	3.611434439	1.12E-95	1.84E-93
ADGRL1	-0.794247618	5.326939966	4.34E-15	4.49E-14
ACTN1	0.474081932	9.819783073	4.45E-11	3.29E-10
ALDH3A2	-0.747416027	6.384861544	1.90E-21	2.91E-20
TFRC	0.540709071	9.127517233	3.09E-11	2.30E-10
SMC1A	-0.715455622	8.065950977	1.21E-19	1.67E-18
HMMR	-0.792644561	6.207652681	6.05E-17	7.15E-16
CHFR	0.810871647	5.008177901	1.61E-15	1.71E-14
P4HA2	1.507133833	7.185673356	5.57E-77	6.39E-75
STK10	0.998408472	6.13160633	2.96E-28	6.40E-27
CRMP1	0.648321009	6.390787407	3.24E-15	3.38E-14
MRVI1	-1.411339526	4.625089838	1.42E-32	3.75E-31
AP1M1	0.845318572	5.546442503	3.58E-19	4.85E-18
PVR	0.652218016	6.856045462	3.38E-18	4.32E-17
MCM2	-1.008917534	6.874824395	4.35E-36	1.33E-34
PANX2	1.265673206	3.394365872	6.70E-19	8.90E-18
PDE8A	0.732994146	6.94773572	8.36E-23	1.38E-21
ADAM11	-1.88295254	1.074730954	4.89E-13	4.25E-12
FERMT2	0.611032779	5.810377378	4.28E-12	3.45E-11
PICALM	0.829699401	8.266988982	5.27E-32	1.37E-30
TEAD2	-0.861797839	4.656999917	4.15E-17	4.97E-16
MGLL	2.58694764	6.505973767	7.79E-203	6.20E-200
TIPIN	-0.891738448	3.455425734	1.08E-11	8.38E-11
SEMA3A	-2.197787096	4.329743175	3.23E-83	4.29E-81
SLC25A40	-0.772934317	5.618774088	4.04E-16	4.49E-15
RASAL2	0.743184256	5.879980371	2.61E-14	2.53E-13
MARK3	0.573866358	7.342738605	4.05E-16	4.49E-15
FSCN1	0.863005014	6.938056333	2.93E-28	6.36E-27
ACTB	0.911479251	11.84176446	6.07E-30	1.43E-28
RAB7A	0.533403478	8.362111389	1.31E-12	1.10E-11
SEC31B	-1.133434091	2.361661752	3.91E-11	2.90E-10
KIFAP3	0.823922229	3.807525675	2.37E-11	1.79E-10
MCM6	-1.426230739	7.52169451	4.88E-42	1.95E-40
UNG	-1.689222388	5.755406988	2.31E-57	1.55E-55
ACACB	-1.346338931	2.950462496	7.31E-17	8.59E-16
MCAM	0.649288798	7.000036278	6.91E-19	9.17E-18
MBNL3	-1.050955633	3.367026868	6.56E-15	6.67E-14
ARHGEF1	0.799188622	6.866494256	4.80E-19	6.45E-18
STXBP2	0.753766576	4.949164887	1.53E-11	1.18E-10
NFKB2	2.238394189	6.810169827	1.07E-160	4.26E-158
UBE2T	-1.032045146	4.365608362	3.13E-18	4.02E-17
IL4R	1.54803535	4.170945093	2.36E-37	7.57E-36
FAM76B	-0.810728177	5.188966456	1.43E-11	1.10E-10
SIRT6	1.087517097	4.1005866	3.01E-21	4.53E-20
POLD3	-0.776321036	5.014129064	2.21E-14	2.15E-13
JADE1	-0.866182746	5.100961302	2.09E-18	2.71E-17
CST7	0.662968437	6.951971217	2.23E-17	2.71E-16
NEBL	-0.548282254	6.777375631	4.08E-13	3.57E-12
TIGAR	0.750126092	4.518128224	4.51E-11	3.33E-10
GNB1	0.503704131	8.429000115	1.43E-13	1.30E-12
EDN1	2.043629126	1.041733655	2.08E-13	1.87E-12
FGF20	-0.989298423	3.305862771	1.92E-13	1.73E-12
MYH7B	-3.710054828	4.877887327	1.03E-142	3.51E-140
TP73	-1.37378873	3.354634665	2.11E-23	3.61E-22
SLC1A3	-2.034789978	2.246854247	1.93E-28	4.20E-27
FDFT1	0.625314356	5.907619847	2.42E-11	1.82E-10
PTPRH	1.026366217	3.886729509	1.57E-16	1.80E-15
SLC35C2	0.624292432	6.037224674	2.18E-14	2.12E-13
RFX3	-0.90908319	3.28671082	2.57E-11	1.93E-10
RIF1	-0.627214166	8.07951846	7.59E-11	5.49E-10
COL5A3	1.624269166	2.300504894	4.03E-18	5.13E-17
RBL1	-0.989807813	5.456407155	8.96E-30	2.08E-28
DLGAP4	1.091629617	6.662957816	2.42E-35	7.14E-34
TCF7	1.2009716	7.047114852	3.76E-56	2.41E-54
ARG2	0.72913842	7.382036195	3.85E-12	3.12E-11
LRP2	-3.447464696	4.524074	3.34E-117	7.26E-115
PHLPP1	-1.385103782	3.940750562	9.97E-24	1.73E-22
NFE2L1	0.705467431	8.370499157	4.45E-25	8.26E-24
BCKDHB	-0.94313069	4.187640301	2.36E-16	2.67E-15
ZCCHC6	0.625156758	6.502809376	1.92E-13	1.73E-12
PDS5B	-0.665007561	6.832069771	6.55E-15	6.66E-14
CYLD	1.560524454	6.501367795	1.47E-82	1.92E-80
FAT1	0.951290138	10.63076718	4.40E-22	6.94E-21
EFR3B	-1.566780032	2.01655653	1.58E-15	1.69E-14
CD59	0.995242295	7.478500936	5.95E-20	8.42E-19
CD82	2.684968868	6.223324283	2.21E-131	5.87E-129
ATRX	-0.458230201	7.94406945	2.87E-11	2.15E-10
ORC1	-1.470934577	4.244573427	1.74E-22	2.81E-21
POMGNT1	0.587277895	5.52100084	8.21E-11	5.92E-10
RAD54L	-1.12012416	3.996730295	1.65E-20	2.40E-19
B4GALT1	0.628487714	6.527436104	7.13E-16	7.80E-15
ITPKC	1.721567484	5.105448717	3.97E-65	3.39E-63
ERO1B	-0.948979267	4.340898919	9.52E-19	1.25E-17
PPP1R15A	1.782635868	8.092507279	1.91E-146	6.69E-144
ACHE	2.582919496	1.80939086	2.36E-28	5.14E-27
NLK	-0.679343608	6.671003605	1.21E-18	1.58E-17
LPCAT2	-1.178794837	7.865367518	1.99E-57	1.35E-55
L2HGDH	-0.798282369	4.903792122	1.25E-16	1.45E-15
TXNDC16	-1.228686847	3.606033438	1.89E-18	2.45E-17
GMCL1	-0.724785916	6.069882469	3.32E-18	4.25E-17
SULT2B1	2.57226536	1.417013596	4.12E-23	6.89E-22
EPB41L1	0.550148283	6.516856342	1.65E-11	1.26E-10
SMOX	1.241779824	4.526248195	1.12E-27	2.39E-26
FKBP1A	0.718791465	7.783884609	1.80E-17	2.19E-16
KIZ	-0.815252305	8.296167604	4.51E-25	8.35E-24
SLC8B1	1.268625765	3.935797175	3.92E-26	7.67E-25
PXN	1.19852606	8.16733503	2.11E-55	1.31E-53
FXYD5	1.19709967	6.553814194	1.70E-45	7.79E-44
GRAMD1A	1.150469455	5.558833897	1.99E-36	6.16E-35
SLC9A1	0.743776811	4.988822969	2.17E-14	2.12E-13
ICAM1	2.332151884	6.413284581	2.46E-176	1.26E-173
LAMB1	-0.590094195	5.57703974	9.09E-12	7.12E-11
SLC26A4	0.855289532	5.723288341	1.43E-22	2.32E-21
ITGA6	0.858220777	9.448139685	1.04E-35	3.14E-34
CDV3	0.720496538	8.441443703	1.23E-28	2.72E-27
ORC6	-1.119149564	3.994253646	4.92E-22	7.75E-21
SLC7A8	-0.933569264	8.365367441	4.09E-40	1.51E-38
SUPT16H	-0.515042253	8.154212346	3.31E-11	2.46E-10
SEMA6A	1.787265491	1.804329258	2.66E-15	2.79E-14
WDR76	-1.415395875	3.713585365	2.31E-29	5.27E-28
EZR	0.868095534	8.814471996	7.59E-39	2.58E-37
MYL6	0.88665479	7.739470292	2.79E-15	2.92E-14
CLSPN	-1.12146656	4.887970322	3.47E-20	4.97E-19
UNC13D	1.453246635	6.718308564	3.19E-37	1.01E-35
DPYSL2	-1.135670056	7.137835274	6.95E-37	2.18E-35
CDC45	-1.554423229	4.078750359	1.39E-37	4.51E-36
CDC6	-1.626925491	6.149039321	3.48E-79	4.12E-77
CBX5	-1.021052987	7.412604378	2.00E-27	4.21E-26
MSH2	-1.015871313	6.957648905	7.99E-39	2.70E-37
PTGS1	1.947523804	1.273168822	4.26E-12	3.44E-11
TBC1D2	1.548606781	5.548117258	4.93E-57	3.28E-55
BAMBI	-1.072782384	6.527715277	6.09E-20	8.61E-19
IL11	1.929872169	2.946684322	6.97E-29	1.55E-27
SMIM24	2.629175211	2.034632324	2.50E-30	5.99E-29
HIVEP1	0.774506996	4.769448583	5.39E-15	5.53E-14
FKBP5	-0.694352258	6.083634411	1.98E-17	2.41E-16
JAK2	0.967881586	3.794662607	4.50E-12	3.62E-11
CDC7	-1.301729309	4.106867643	7.51E-28	1.61E-26
PCSK5	-0.759682751	4.897952547	7.01E-15	7.10E-14
ABLIM1	-1.150314979	9.032098331	1.42E-42	5.79E-41
ERMP1	-0.66264077	5.866399217	3.06E-13	2.72E-12
NRP1	1.948080781	7.908699284	2.73E-142	9.10E-140
PRTFDC1	-1.519705113	1.666464332	5.46E-12	4.34E-11
KCNK6	0.905570119	5.40068067	6.18E-21	9.21E-20
CDC34	0.620258754	5.885130169	3.50E-13	3.08E-12
MISP	1.235195574	6.621683719	4.36E-41	1.68E-39
SLC7A4	1.039408066	3.155470194	1.73E-12	1.44E-11
SEC14L2	1.274967394	3.954596014	2.02E-27	4.25E-26
SLC35E4	1.355309938	4.172027504	4.80E-30	1.14E-28
LGALS1	1.043469766	7.470789747	3.27E-15	3.41E-14
PIK3IP1	1.893826472	0.937023304	4.42E-11	3.27E-10
SRRD	0.663512723	4.872326885	4.57E-11	3.37E-10
MICALL1	1.031354502	5.500699313	8.05E-26	1.55E-24
CENPM	-1.183093576	2.716745618	1.86E-13	1.68E-12
03-sep	-1.229262725	3.110214862	1.25E-12	1.05E-11
JOSD1	0.607676493	7.078317642	1.21E-17	1.49E-16
CYB5R3	0.772576429	5.900254562	7.84E-19	1.03E-17
TOM1	0.930561704	4.435537561	2.97E-18	3.82E-17
BIK	3.094205349	6.066076023	6.87E-98	1.19E-95
HMOX1	2.492603075	3.962311622	1.94E-68	1.82E-66
MCM5	-1.210810737	5.861948891	4.76E-45	2.14E-43
TTLL12	0.524197214	7.038827651	2.51E-13	2.24E-12
CBX7	-0.883883824	4.554594326	2.24E-16	2.54E-15
PDGFB	1.345534209	6.246854132	2.63E-47	1.27E-45
SYNGR1	-0.839116593	4.064426499	1.47E-12	1.23E-11
MYH9	1.095974214	10.34757456	2.25E-39	7.91E-38
FOXRED2	-0.675874506	5.326992673	2.62E-13	2.34E-12
RANGAP1	0.787001673	7.339484506	7.36E-20	1.03E-18
KHNYN	0.710463568	7.021317262	4.09E-22	6.48E-21
GZMB	5.479883001	4.19116269	1.50E-172	6.93E-170
POLE2	-1.688134514	2.913311506	1.98E-25	3.72E-24
ATP6V1D	0.879325473	6.792236272	1.07E-17	1.33E-16
PLEK2	1.37462719	6.268898992	3.94E-27	8.16E-26
SRSF5	-0.518515477	7.828830969	5.55E-13	4.81E-12
MTHFD1	-0.527249669	7.177477519	4.63E-12	3.72E-11
VRK1	-0.794221269	5.327546075	5.38E-12	4.29E-11
NFKBIA	3.259559576	5.825637563	2.15E-200	1.62E-197
MMP9	4.301113524	1.096999061	1.27E-35	3.81E-34
GINS1	-1.247609036	5.526241736	5.42E-47	2.58E-45
MYBL2	-1.030275758	5.282300067	1.84E-25	3.47E-24
NFATC2	1.217588532	5.409411265	3.88E-37	1.23E-35
BMP7	-0.686819192	6.262268396	8.92E-18	1.11E-16
TPD52L2	0.75532063	8.12264711	7.42E-26	1.43E-24
SLCO4A1	1.25339756	6.889549118	6.49E-56	4.09E-54
NTSR1	1.336628132	8.052044606	1.44E-61	1.12E-59
PTK6	0.908211018	6.881556337	4.00E-18	5.09E-17
FERMT1	1.456567399	8.018819859	9.45E-88	1.37E-85
JAG1	0.865258452	5.838712791	1.10E-18	1.44E-17
E2F1	-1.698013754	4.999932686	2.26E-24	4.04E-23
PXMP4	-0.724185719	4.352463517	4.72E-11	3.47E-10
CHMP4B	1.1748838	7.537473115	8.34E-44	3.54E-42
WFDC2	1.014898162	4.759540744	3.03E-23	5.11E-22
FAM83D	-0.577823347	6.080256107	9.14E-12	7.15E-11
DNTTIP1	3.047200039	8.827600602	5.53E-177	2.94E-174
SMCHD1	-0.575328199	7.131831317	5.51E-12	4.38E-11
CEP192	-0.69352066	6.110594096	2.07E-11	1.57E-10
LIPG	2.113796822	4.142931932	1.66E-62	1.30E-60
POLA1	-1.263355673	6.260822901	4.42E-46	2.04E-44
MID1	0.604022723	5.889143479	2.07E-11	1.57E-10
MOSPD1	0.874384365	7.772355016	2.03E-11	1.54E-10
STAG2	-0.489510692	8.302251606	6.16E-12	4.89E-11
ATP11C	-0.94662215	6.771867458	3.36E-36	1.04E-34
PLP2	0.660452997	8.163445292	3.39E-14	3.24E-13
ELF4	1.087905918	6.231266311	3.58E-33	9.72E-32
PORCN	1.247745288	4.461761177	1.74E-22	2.81E-21
CAB39L	-0.731396621	6.129246429	4.00E-19	5.41E-18
KLF5	0.474129971	7.881174733	1.62E-12	1.35E-11
RGCC	-1.052205814	5.186299042	7.33E-30	1.71E-28
CLN5	0.939469851	4.143851169	2.40E-14	2.33E-13
MGRN1	0.64007401	5.449177559	2.69E-11	2.01E-10
LYRM1	-1.06853242	5.295829275	4.82E-20	6.84E-19
ARL2BP	0.72629485	5.895797632	4.76E-15	4.90E-14
USB1	0.821624009	5.419113214	4.86E-18	6.16E-17
HAS3	-1.076543553	2.985995331	1.14E-13	1.05E-12
FA2H	1.246604061	3.70213182	6.08E-23	1.01E-21
COTL1	0.52074735	7.441913489	6.17E-11	4.49E-10
SLC7A5	-0.907620632	8.803042078	2.23E-24	4.01E-23
MEFV	0.800428544	4.120133121	5.12E-13	4.45E-12
STX4	0.896484624	5.605474155	9.98E-24	1.73E-22
LACTB	2.001271339	4.331050433	4.35E-65	3.69E-63
CORO2B	2.165564709	3.87461263	6.07E-53	3.54E-51
CD276	1.455391784	6.20030751	7.96E-52	4.44E-50
CEMIP	-1.854474204	4.950507339	3.02E-62	2.36E-60
EHD4	0.958370981	7.155072134	1.06E-33	2.95E-32
CEP152	-1.002852595	4.671768059	1.04E-17	1.29E-16
DTWD1	-0.787374129	4.169723741	1.16E-12	9.77E-12
GABPB1	-0.605928309	5.220715866	2.31E-11	1.74E-10
BMF	-1.379426701	4.067997835	1.67E-34	4.80E-33
VPS18	0.854878256	5.047445822	1.41E-15	1.51E-14
OIP5	-1.265654459	3.024423875	6.25E-18	7.85E-17
FZD3	-0.869166539	5.536523646	5.32E-19	7.12E-18
PLAT	2.357989508	2.880654285	6.92E-42	2.73E-40
DKK4	-3.340344767	2.590555548	6.77E-67	6.03E-65
NDRG1	2.252142316	7.627365353	2.66E-91	4.20E-89
NCALD	-1.906477711	1.277108545	2.27E-15	2.39E-14
SQLE	1.180057668	6.959111922	1.93E-38	6.41E-37
TNFRSF10A	0.817890988	5.873028868	2.20E-21	3.36E-20
PPP2CB	0.724909055	6.200843593	2.95E-13	2.62E-12
MCM4	-1.45890825	7.983367406	2.72E-58	1.87E-56
KCNN4	2.128225012	4.972323187	1.06E-87	1.50E-85
RELB	2.11753637	5.201691228	6.19E-86	8.63E-84
PPP1R13L	0.850320223	5.975675132	7.23E-17	8.50E-16
KLC3	1.038305404	3.367138544	1.54E-13	1.40E-12
IL4I1	5.67908606	1.612057531	1.02E-59	7.33E-58
AES	0.524378404	6.942189484	7.24E-13	6.22E-12
IL27RA	0.941896443	4.947992033	2.90E-21	4.37E-20
ASF1B	-1.038724736	4.86474807	2.14E-26	4.25E-25
CCNE1	1.396569681	2.354408795	2.52E-14	2.44E-13
SLC1A5	-0.646122246	10.56814544	6.77E-21	1.01E-19
TGFB1	0.797596622	5.929171744	1.05E-14	1.04E-13
DENND3	0.946048366	4.959991242	1.00E-13	9.24E-13
PLIN3	0.983952155	5.806642064	1.79E-31	4.55E-30
MYH14	1.018936426	5.20367902	4.22E-20	6.02E-19
ETFB	-0.588809761	5.646682661	4.89E-11	3.59E-10
RABAC1	0.741464952	4.998738544	7.55E-13	6.48E-12
CYTH2	0.746241283	5.84060159	4.22E-12	3.41E-11
LIG1	-1.411570214	5.4134263	4.86E-51	2.64E-49
SIGLEC6	-3.273972128	1.023817133	2.97E-26	5.85E-25
PLA2G4C	4.414524639	3.181746464	7.46E-102	1.36E-99
DBP	-1.279167726	2.775200667	1.20E-16	1.39E-15
PPP2R1A	0.683658563	7.47664992	1.78E-21	2.74E-20
LSR	0.799753731	7.420583636	8.04E-31	1.98E-29
CADM4	-0.817927396	3.706888906	2.03E-11	1.55E-10
RUNDC3B	-1.438934233	2.308337062	1.57E-15	1.68E-14
NAMPT	1.028618941	7.837049955	5.04E-26	9.81E-25
SP4	-0.982623723	4.256419906	4.32E-17	5.16E-16
OGDH	0.823935989	7.493551897	1.30E-33	3.60E-32
ADAP1	0.822230623	4.598977763	1.14E-13	1.05E-12
H2AFV	-0.741087346	7.173645298	3.13E-22	5.00E-21
CAV2	1.128460287	5.976523345	1.14E-27	2.42E-26
CAV1	1.879853991	4.81452421	3.91E-65	3.36E-63
MET	2.052618114	7.692319187	7.28E-180	4.18E-177
HOXA3	-0.841425788	3.741231051	1.75E-11	1.34E-10
TSPAN12	-1.235320285	3.660851386	1.96E-21	3.01E-20
CPED1	-2.70914279	0.964159987	1.33E-20	1.94E-19
GRB10	1.016250757	6.740905829	4.64E-41	1.77E-39
STX1A	1.878313875	6.722098848	2.05E-70	1.96E-68
GARS	0.490814711	9.36998951	1.05E-11	8.19E-11
CASP2	-0.535653355	6.247210389	3.32E-11	2.47E-10
NPTX2	-1.30716318	3.005272887	1.63E-16	1.87E-15
CYP3A5	1.458215477	3.121635295	1.72E-17	2.09E-16
PTPRZ1	-0.640055574	5.39756433	1.97E-12	1.63E-11
SERPINE1	1.130721554	9.070570049	4.30E-40	1.58E-38
RPA3	-0.929232522	5.272111315	6.94E-20	9.76E-19
EZH2	-0.880649978	6.139931294	6.36E-22	9.98E-21
RARRES2	-1.438278496	1.621602311	2.68E-11	2.01E-10
GLI3	-1.269256856	7.990034321	1.65E-25	3.14E-24
BLVRA	0.596708297	5.732397316	1.73E-12	1.44E-11
YKT6	0.640457869	7.418693897	2.32E-15	2.44E-14
CLIP2	1.08168464	6.803215757	1.16E-22	1.90E-21
C5	-2.474535969	1.874148637	2.83E-30	6.77E-29
LHX6	0.631853627	5.647377058	1.28E-13	1.17E-12
DNM1	-0.603437572	5.497877374	5.69E-11	4.15E-10
NCS1	0.865337966	6.045356621	1.42E-26	2.84E-25
TESK1	0.683453687	5.209521155	2.90E-13	2.58E-12
CREB3	0.623927323	5.775708041	1.08E-11	8.41E-11
DDX58	1.945559493	3.518890087	5.72E-41	2.18E-39
EDF1	0.708145263	6.64863751	1.14E-17	1.41E-16
GLIS3	1.727663153	2.128828715	1.26E-17	1.55E-16
RAPGEF1	0.582700042	6.688794584	3.06E-14	2.94E-13
ZFAND5	0.738656056	8.145548719	4.99E-23	8.32E-22
DVL1	0.899948981	7.104863372	1.23E-26	2.47E-25
DNMBP	0.775824133	5.809945033	1.05E-16	1.22E-15
PALD1	-0.957458051	6.361106437	1.82E-21	2.80E-20
KAZALD1	-1.145789407	4.282975351	2.27E-25	4.27E-24
ANKRD26	-0.594251571	5.542335391	4.69E-12	3.76E-11
PITRM1	0.807143101	5.969633866	1.90E-22	3.06E-21
DKK1	2.770330444	4.389990127	3.17E-55	1.96E-53
TFAM	-0.625449692	6.720790736	3.14E-11	2.34E-10
ZMIZ1	1.20654261	6.277017529	3.76E-40	1.39E-38
PPIF	1.672591938	7.733078375	1.86E-100	3.25E-98
FBXL20	-0.636677318	5.876386006	1.32E-11	1.02E-10
RUNDC3A	0.977247671	6.288193828	5.56E-35	1.62E-33
UBTF	-0.655792624	6.671434717	1.11E-16	1.29E-15
RAPGEFL1	-1.063832826	2.815093812	4.29E-12	3.45E-11
RNF43	-1.030532935	6.427009454	1.06E-22	1.75E-21
RAD51C	-0.672655345	5.218249315	3.71E-12	3.01E-11
CAMTA2	0.75415505	6.180184322	1.98E-15	2.10E-14
PFN1	0.774105384	9.09992113	1.96E-16	2.24E-15
ALDH3A1	-1.297627652	3.105124274	8.05E-20	1.13E-18
SYNGR2	1.13956685	6.378871381	1.09E-33	3.02E-32
CYTH1	0.657158405	5.640465093	9.69E-12	7.56E-11
CNTNAP1	2.151990196	2.873911919	3.04E-38	9.99E-37
VAT1	0.852311357	8.393082311	2.99E-31	7.57E-30
LRRC59	0.625032134	8.168526897	3.02E-19	4.10E-18
ABCC3	0.740927375	6.971403002	1.37E-13	1.26E-12
MPP2	-1.40931944	2.60019536	7.20E-18	9.04E-17
DUSP3	0.805940334	7.018747757	3.62E-29	8.19E-28
MMD	1.042368487	5.216305925	1.32E-20	1.92E-19
WSB1	0.807128913	6.808550209	6.44E-12	5.10E-11
TNFAIP1	1.331046042	6.92570712	6.83E-69	6.45E-67
TMEM97	-0.992223728	5.760869325	5.94E-27	1.22E-25
CDR2L	0.793509337	4.594628315	1.73E-13	1.56E-12
PMP22	0.715004088	6.251849042	2.71E-13	2.42E-12
NFKB1	1.061247242	6.437564399	4.98E-39	1.72E-37
TBC1D9	0.786012601	4.765060974	1.67E-13	1.51E-12
INPP4B	-0.866509353	4.213139662	1.86E-11	1.41E-10
WFS1	-0.756387141	6.749087725	1.50E-18	1.95E-17
TRIM2	-1.161404462	8.490293498	1.27E-50	6.83E-49
NEIL3	-1.293518373	3.336708371	6.70E-20	9.44E-19
MFSD10	0.935668131	5.565794324	8.76E-12	6.88E-11
KLF3	0.694856975	6.659634112	1.31E-16	1.51E-15
KLHL5	-0.70924443	7.334637858	1.88E-13	1.70E-12
CCDC34	-1.159773153	3.793246171	9.22E-19	1.21E-17
DTX4	1.527324188	4.262706895	2.04E-41	7.97E-40
ATG2A	1.079399886	6.302903807	1.95E-20	2.82E-19
EHD1	2.090855967	6.687922153	1.74E-155	6.73E-153
ST3GAL4	0.928333134	5.114708187	2.67E-20	3.84E-19
CCND1	-0.754538041	11.00965063	3.49E-22	5.56E-21
PANX1	1.090414454	5.674585873	4.62E-34	1.30E-32
RNF141	-0.731393242	5.787582495	8.50E-14	7.89E-13
IL10RA	2.249442941	1.344248888	5.01E-17	5.96E-16
BIRC2	1.045038798	6.702711095	4.70E-25	8.66E-24
SLC1A2	-2.73118158	2.436824673	1.00E-49	5.25E-48
C11orf21	-1.922300726	1.600784331	3.56E-17	4.27E-16
P3H3	-0.778408682	4.037818049	7.90E-11	5.70E-10
CAPRIN2	0.741358274	6.687694609	4.07E-12	3.29E-11
IL23A	2.764499377	4.520639097	8.62E-94	1.40E-91
TNS2	-1.034934233	4.600852097	9.13E-20	1.28E-18
ELK3	0.768829289	7.782567206	5.96E-27	1.22E-25
RAD51AP1	-1.730970737	4.947070928	2.95E-61	2.23E-59
C12orf49	0.636109217	6.122605221	1.72E-15	1.83E-14
RFC5	-0.767290595	5.391508837	9.56E-14	8.83E-13
RAB5B	0.515878744	7.527372882	3.04E-12	2.49E-11
NUP107	-0.844693095	6.171537219	1.64E-22	2.65E-21
TIMELESS	-1.250129436	6.462338766	2.29E-45	1.04E-43
CPSF6	-0.64690443	7.031798008	2.55E-13	2.28E-12
C2CD5	-0.855880978	7.104882723	1.78E-28	3.90E-27
NA	-1.313101391	2.087612535	2.41E-11	1.82E-10
DSE	1.499578219	2.750241237	7.11E-21	1.06E-19
FBXO5	-0.797094576	4.736302457	6.31E-14	5.92E-13
PPARD	1.081502744	7.015862785	3.45E-32	8.99E-31
SOD2	1.813021553	7.607355245	1.62E-101	2.90E-99
MCM3	-1.333920768	7.31453093	5.13E-52	2.87E-50
ICK	-0.828613912	4.509256947	4.90E-14	4.64E-13
FBXO9	-0.654529249	5.319702025	2.83E-13	2.52E-12
CD83	1.334475597	3.377251091	9.73E-22	1.51E-20
TREML2	0.986357866	6.298222391	1.30E-22	2.11E-21
ALDH5A1	-0.903768838	4.779842018	8.12E-20	1.14E-18
GMNN	-0.937428897	4.834894695	5.91E-16	6.50E-15
SLC16A10	-2.027970591	3.818661919	6.59E-60	4.80E-58
MDFI	0.723234235	4.345427454	2.44E-11	1.84E-10
TMEM30A	-0.475954301	7.037733634	5.25E-11	3.84E-10
TTK	-0.619861734	6.283315158	1.43E-11	1.10E-10
HMGCS1	1.870503682	6.897206921	3.02E-82	3.91E-80
DAP	1.187939154	7.509061192	1.56E-62	1.23E-60
NNT	-0.699401536	6.518112062	7.68E-19	1.01E-17
HBEGF	1.524510428	4.044531736	6.22E-31	1.54E-29
HMGCR	0.61147349	6.712914807	6.02E-14	5.66E-13
LMNB1	-0.961217337	7.061667699	1.95E-40	7.30E-39
PDE4D	-1.521983234	8.340215872	2.31E-79	2.79E-77
NUP155	-0.691351357	6.701689281	1.68E-19	2.32E-18
WWC1	0.611470398	7.43976454	3.74E-12	3.03E-11
HMGXB3	0.737797553	6.860832278	1.27E-15	1.36E-14
STC2	1.10208058	8.551575296	1.27E-29	2.92E-28
CPEB4	1.192286796	5.944271485	5.42E-38	1.77E-36
SMC4	-0.827583784	8.580399978	2.17E-35	6.43E-34
RBP1	1.057302805	9.18779249	2.83E-26	5.58E-25
TFDP2	-1.174483199	6.185875237	7.45E-45	3.34E-43
WNT5A	0.775997118	7.565532226	1.16E-20	1.70E-19
HES1	0.683559643	4.459042601	7.43E-11	5.38E-10
C3orf52	1.199689687	5.246308939	5.39E-38	1.77E-36
FRMD4B	-1.214928836	3.432312582	9.13E-21	1.35E-19
CSPG5	-2.649140654	0.823179476	1.61E-16	1.84E-15
MAPKAPK3	1.040969949	7.604508113	2.16E-32	5.64E-31
KLHL24	-0.565227957	6.461566449	2.25E-11	1.70E-10
VIPR1	-1.535812149	3.640597529	5.93E-26	1.15E-24
ACTR1B	0.760894921	6.513900597	2.12E-16	2.41E-15
ACTR3	0.780243666	8.891734506	3.07E-16	3.45E-15
GPD2	-0.759799707	6.227957165	1.19E-22	1.94E-21
NRBP1	0.709914367	6.595530291	4.03E-20	5.75E-19
ITGB6	1.388803756	5.682719745	8.02E-59	5.67E-57
IFIH1	1.224148259	5.763420275	1.35E-49	6.98E-48
CLIP4	0.882672589	4.574355853	5.20E-11	3.81E-10
RTN4	0.948713438	8.728608814	5.08E-39	1.75E-37
HTRA2	0.756124912	5.47875127	6.09E-17	7.19E-16
EVA1A	1.313557746	3.777546016	1.88E-21	2.89E-20
FANCL	-1.272046527	4.712121834	3.77E-33	1.02E-31
HSPE1	-0.655696587	5.577061814	1.45E-11	1.12E-10
IL18R1	2.230884467	0.421736147	8.88E-11	6.38E-10
SLC9A2	2.777721747	4.454421369	1.63E-81	2.02E-79
MLPH	1.335986779	3.411125745	7.24E-18	9.08E-17
PASK	-0.968556081	4.485312866	5.62E-11	4.10E-10
ID2	-1.206308615	6.343455835	1.47E-31	3.77E-30
HPCAL1	1.11833539	6.987121505	1.18E-34	3.41E-33
PLEKHB2	0.741776819	7.91057292	4.01E-18	5.10E-17
SDC1	0.561986777	6.272646034	8.92E-11	6.40E-10
PLEK	1.420124799	1.672002188	4.60E-12	3.70E-11
RND3	0.736446394	5.623031057	2.00E-15	2.12E-14
EPAS1	-1.024950721	9.583204582	2.10E-46	9.84E-45
NFE2L2	0.500024792	7.361947818	1.59E-11	1.22E-10
MSH6	-0.840495527	7.470669606	2.54E-34	7.24E-33
PARD3B	-0.737465665	5.07944492	4.29E-14	4.09E-13
PRRX1	-1.637921643	5.244341723	1.60E-61	1.23E-59
CHD5	1.249644607	2.362777726	1.90E-11	1.45E-10
ERRFI1	1.189307549	7.20016934	8.34E-40	2.99E-38
RNF19B	1.251359425	4.422127702	6.26E-27	1.28E-25
ARHGEF2	1.003122387	6.983016641	1.51E-39	5.37E-38
C1orf21	-1.193475524	3.132891423	8.24E-16	8.99E-15
IVNS1ABP	-0.523404639	6.460745548	2.97E-11	2.22E-10
NCF2	1.606786162	1.850692695	7.75E-14	7.24E-13
KIF21B	1.48731057	5.027031785	6.88E-37	2.16E-35
MAP7D1	1.270966582	6.180608655	2.15E-35	6.37E-34
RRAGC	0.905409998	4.926953881	1.55E-20	2.25E-19
NID1	-1.094353309	3.722238251	3.27E-16	3.66E-15
LGALS8	-0.521572088	7.639713839	5.34E-14	5.05E-13
SIPA1L2	-1.142719336	3.872292511	3.03E-22	4.85E-21
RIMS3	0.784785577	3.87463584	8.01E-11	5.78E-10
PADI2	-1.981656492	0.964577079	3.54E-12	2.88E-11
UAP1	0.81024277	6.244521015	1.22E-18	1.58E-17
GBP3	1.411622855	4.636465172	5.35E-39	1.83E-37
ECE1	1.603786043	8.022519401	7.76E-97	1.31E-94
CR2	-1.728041492	1.103393893	1.56E-11	1.19E-10
CD46	-0.754113356	8.492614561	1.04E-20	1.53E-19
TSPAN1	1.087492071	5.53838083	3.01E-23	5.10E-22
BLZF1	0.79943094	4.646707978	4.69E-14	4.45E-13
IRF6	0.825326077	5.078499491	1.49E-16	1.72E-15
PLPPR4	-1.679205394	3.411495143	5.29E-34	1.49E-32
PROX1	-1.154781946	6.008946702	1.15E-36	3.58E-35
CENPF	-0.547747763	8.227620586	2.94E-12	2.41E-11
COLEC11	-1.26023445	2.285799565	1.35E-12	1.13E-11
KLF7	1.148516921	6.023475762	1.81E-28	3.95E-27
CASP8AP2	-0.952731398	5.410183413	3.00E-21	4.52E-20
TNFAIP3	4.481474659	4.381675515	1.02E-203	8.63E-201
MYB	-1.390804425	2.280546023	1.33E-14	1.31E-13
SGK1	2.694476765	3.860933884	1.42E-77	1.67E-75
CTGF	-1.746000559	2.301120484	1.19E-20	1.75E-19
FOXO3	0.630549202	6.113481954	8.15E-12	6.42E-11
HS1BP3	0.614755729	5.631686594	3.51E-13	3.09E-12
ELL2	0.73975455	5.305373717	5.80E-13	5.02E-12
CNTRL	-0.767911425	5.23710897	9.74E-13	8.29E-12
NEK9	-0.594180448	7.499113287	7.41E-16	8.11E-15
IRF2BPL	0.621850456	5.781148619	2.57E-11	1.93E-10
LTBP2	-0.97037515	4.415699048	6.29E-17	7.42E-16
FLVCR2	1.197582522	2.334787228	1.53E-11	1.18E-10
ALDH6A1	-0.887169969	5.497469309	1.01E-22	1.66E-21
RHOQ	0.588896522	6.186814709	2.07E-12	1.71E-11
FAM98A	0.572573448	6.734099934	7.97E-14	7.42E-13
HELLS	-2.130062205	6.201409168	1.79E-72	1.81E-70
DUSP1	0.998978689	3.396868485	7.29E-14	6.83E-13
CD274	2.145438547	1.180577649	2.37E-14	2.30E-13
NUP43	-0.6126683	5.811759081	5.81E-11	4.23E-10
CCDC170	-1.65196292	1.865594125	5.41E-15	5.55E-14
PLEKHG1	2.346992568	2.464120335	4.11E-31	1.03E-29
CYSTM1	1.27011146	6.323361136	2.68E-44	1.17E-42
KCNJ5	-1.360734874	6.65691565	1.83E-54	1.11E-52
MASTL	-0.738856916	4.893817181	2.39E-12	1.97E-11
CCDC77	-0.905036049	4.287814548	3.38E-16	3.78E-15
TGFBI	0.510253707	7.915054481	5.94E-13	5.13E-12
UTP20	-0.615009693	6.472629767	3.21E-13	2.84E-12
TMPO	-0.671516478	7.574492081	4.57E-14	4.35E-13
TNFRSF10B	0.526950875	7.154257027	1.32E-13	1.21E-12
PDLIM2	1.83811048	3.748830681	7.75E-44	3.30E-42
EPHX2	-0.785739095	4.067938699	1.41E-11	1.09E-10
ZNF706	0.677674286	5.789994839	7.90E-15	7.97E-14
TRIM25	0.947746184	8.097884593	2.02E-44	8.96E-43
NCAPH	-0.849466686	5.687612574	6.48E-19	8.62E-18
KCNJ8	-3.506781309	2.25519605	1.46E-61	1.12E-59
KIF18A	-1.00249961	5.383952593	1.69E-25	3.21E-24
DEPDC7	-1.414961059	6.312090164	9.32E-52	5.18E-50
CAT	-0.745048888	5.044097313	1.76E-11	1.34E-10
ZMYM2	-0.503032263	8.091396516	6.71E-13	5.77E-12
TNFSF10	-0.882369819	3.777700758	1.00E-12	8.51E-12
CSMD2	3.049618338	0.333331668	4.05E-13	3.55E-12
GPSM2	-0.610281146	8.099465593	3.65E-17	4.37E-16
ZRANB3	-1.055950711	3.901819359	3.64E-19	4.92E-18
PAEP	2.592589257	0.624645155	5.76E-13	4.98E-12
ANXA11	0.550224884	7.233297283	9.25E-14	8.55E-13
CCDC18	-1.076633306	3.899688974	2.31E-16	2.62E-15
ZMIZ2	1.220817115	7.596013457	3.42E-31	8.63E-30
EEPD1	-0.970892722	5.386676425	1.42E-28	3.13E-27
CBX3	-0.556249875	8.581184936	2.03E-16	2.31E-15
INHBA	5.300868136	2.288118736	4.61E-89	6.89E-87
DCAF10	-0.511896177	6.417109932	5.55E-11	4.05E-10
PLAU	4.620325112	5.535723697	3.88E-235	6.96E-232
CHST3	0.81540034	4.198269093	2.06E-12	1.70E-11
ZWINT	-1.40484543	4.817206094	1.77E-37	5.68E-36
CDKN2C	-1.39592665	2.381504882	2.08E-14	2.03E-13
ADGRE5	0.806972009	6.666162842	3.24E-24	5.73E-23
GIPC1	0.80025845	6.028627271	1.53E-23	2.62E-22
CENPK	-1.113540353	4.417230265	3.60E-24	6.37E-23
OPTN	1.225968819	7.652175875	3.89E-49	1.97E-47
MMP19	2.427101014	0.869701075	3.23E-16	3.62E-15
NR4A1	0.767492785	4.817327458	7.55E-14	7.06E-13
CDK2	-0.59326367	6.256425127	8.29E-13	7.11E-12
NFE2	-1.931245029	2.441980207	1.77E-25	3.36E-24
STIL	-0.677444495	5.309518136	1.98E-14	1.94E-13
RAB9B	-1.499150989	1.504571272	7.78E-11	5.62E-10
G0S2	3.361522572	1.97286371	4.41E-47	2.10E-45
ago-02	0.831756902	7.234470518	4.24E-13	3.71E-12
CHPF	0.9571034	6.677686758	1.12E-26	2.26E-25
SNX21	1.597727219	3.433216864	5.47E-29	1.22E-27
WFDC3	2.511949391	3.988651024	5.93E-77	6.75E-75
SDC4	2.003685025	8.474490313	8.01E-104	1.51E-101
SRSF6	-0.477387401	7.843430586	1.17E-12	9.88E-12
ZNFX1	0.875669578	6.71941253	7.15E-22	1.12E-20
PPP4R1L	0.815809062	4.339748395	3.22E-12	2.62E-11
PMEPA1	0.830207795	7.344838786	1.89E-24	3.41E-23
NAGK	0.836268194	5.314298624	3.18E-19	4.32E-18
PAIP2B	-1.062978238	4.944192387	9.02E-29	2.00E-27
BTN2A2	0.889592571	3.780743008	3.24E-13	2.86E-12
OARD1	-0.753731495	4.825229235	1.89E-12	1.57E-11
CDKN1A	2.039785557	6.812771697	1.88E-116	4.03E-114
DEK	-0.69952023	8.671733801	4.77E-23	7.97E-22
RUNX2	-0.788929712	7.769079619	3.37E-18	4.32E-17
LRRFIP1	0.708840966	7.926954269	9.44E-21	1.39E-19
MYRF	0.984669352	3.959381987	9.67E-16	1.05E-14
AHNAK	1.639761842	11.88126224	8.69E-47	4.11E-45
MT2A	1.055463129	6.955014372	5.57E-40	2.02E-38
EFNB2	1.389626953	5.095685025	1.87E-43	7.89E-42
IRF1	1.036166292	5.785863744	3.01E-31	7.61E-30
NT5C	0.760431746	4.395902661	8.20E-12	6.46E-11
PAX8	0.901918512	4.456561251	5.05E-17	6.01E-16
C3	4.978493194	4.576011563	4.15E-170	1.86E-167
SH2D3A	0.776984217	5.223472213	3.16E-12	2.57E-11
FOSB	1.48502751	4.226957722	3.67E-24	6.48E-23
RTN2	1.197551435	5.624355698	2.84E-42	1.14E-40
EML2	0.751563677	5.735715454	4.45E-16	4.92E-15
VASP	0.833449038	7.386977645	1.34E-24	2.42E-23
SDCBP2	2.531927611	1.227571811	6.27E-14	5.89E-13
RBCK1	0.902331586	7.369961796	4.99E-31	1.24E-29
TMX4	-1.175414371	5.860374729	1.57E-35	4.72E-34
MCM8	-1.070452134	5.997854189	1.86E-35	5.53E-34
DYNLRB1	0.679406842	6.832370762	1.24E-12	1.05E-11
MMP24-AS1	0.864956445	4.605857196	1.30E-15	1.40E-14
HECTD3	0.897392583	5.482886894	2.75E-24	4.89E-23
XRCC3	-0.996125276	4.413764256	9.60E-21	1.42E-19
LRFN3	0.912595051	4.079932541	3.11E-15	3.24E-14
CAPNS1	0.661232538	8.228281182	3.93E-18	5.02E-17
THRA	-0.662023593	5.339388629	2.66E-13	2.37E-12
CCR7	2.433158737	4.794306902	7.25E-107	1.40E-104
PRDX5	0.682097421	6.66666934	1.23E-13	1.13E-12
RRAS	1.655073573	4.373938642	5.32E-37	1.68E-35
SCAF1	0.510597164	6.381258748	1.75E-11	1.34E-10
ASL	1.200526216	4.356033751	1.02E-25	1.97E-24
SBDS	0.766900252	7.47132214	5.74E-15	5.86E-14
STAT5A	2.0095538	4.205657566	7.11E-54	4.23E-52
PLEKHG3	0.734953329	6.230758647	1.04E-12	8.87E-12
AIF1L	-1.183452236	6.386530702	8.13E-41	3.08E-39
MAP2K2	0.579861528	6.184248471	8.62E-11	6.19E-10
YEATS4	-0.760289203	4.737633475	6.42E-11	4.67E-10
KLF2	2.011460435	5.090114353	8.22E-65	6.94E-63
SYNGR3	2.634938752	2.924886384	8.94E-51	4.82E-49
TICAM1	1.393137798	4.418777955	3.89E-29	8.77E-28
TNFRSF19	-1.209386563	4.991108613	3.41E-37	1.08E-35
GNG11	0.953271639	3.75969758	8.95E-13	7.66E-12
PTPN12	0.601954821	8.275191042	7.15E-19	9.48E-18
POR	0.624638882	6.533054205	2.12E-16	2.41E-15
GNAI1	-1.264386611	5.003968983	4.36E-41	1.68E-39
ZFP36	1.741260727	5.300898448	1.78E-45	8.11E-44
RASL11B	-1.757870497	2.080804253	1.30E-16	1.51E-15
PAICS	-0.803752393	7.419322827	1.16E-29	2.68E-28
YWHAH	1.122960641	7.139007282	5.81E-49	2.93E-47
APOL2	0.925750462	4.822030854	2.42E-16	2.73E-15
RAC2	2.423753754	4.608492517	3.78E-90	5.83E-88
LIF	1.105406746	8.164989447	3.84E-19	5.19E-18
RIBC2	-2.018826033	1.086052782	4.71E-14	4.47E-13
DOCK4	-0.994950096	6.905002191	5.95E-33	1.59E-31
ATP6V1F	0.740702266	5.891461608	9.96E-14	9.17E-13
VGF	0.564251418	9.193235603	1.73E-11	1.33E-10
PODXL	-0.675421734	6.856042667	1.36E-17	1.67E-16
FLNC	2.643425666	5.334482019	6.79E-83	8.94E-81
SMO	-1.293351972	2.459761832	1.50E-14	1.48E-13
IRF5	1.002051192	4.830561805	2.29E-20	3.30E-19
GAD1	-0.976418055	6.05895998	1.46E-17	1.79E-16
TWSG1	-0.723571032	6.149433159	1.28E-16	1.48E-15
MYO5C	-0.737030445	6.586538926	2.44E-18	3.15E-17
DUT	-1.173758951	6.259419836	7.46E-34	2.08E-32
KCNC1	-1.489715315	1.700857276	3.11E-12	2.54E-11
E2F8	-1.188938161	3.610997799	9.39E-20	1.31E-18
PUS7L	-0.599377093	6.451068356	1.43E-12	1.20E-11
SLC44A2	0.795194532	5.29690419	1.32E-16	1.52E-15
KLK10	1.035991775	4.658811627	4.31E-22	6.82E-21
MIS18BP1	-0.947826798	6.037751485	2.22E-28	4.84E-27
TEP1	0.772081376	5.870180045	3.14E-13	2.78E-12
RHBDF2	0.984979903	6.525244694	3.66E-31	9.20E-30
FGF13	-1.124497312	3.046828091	3.66E-15	3.80E-14
LDLR	1.228323736	7.965389818	1.36E-67	1.23E-65
PVRL2	0.702880616	5.604916024	5.17E-12	4.13E-11
KIF1A	0.793448212	7.314344397	1.07E-25	2.05E-24
SNX9	1.11905864	8.40064845	2.13E-39	7.52E-38
MLLT4	0.556635085	7.706846157	9.47E-12	7.40E-11
ARPC1B	0.935419942	7.102611646	5.55E-33	1.49E-31
MAP1S	0.933576659	5.164291808	1.49E-23	2.56E-22
JUND	1.429264586	6.41154865	5.45E-42	2.17E-40
TRPM4	1.209791457	4.083834809	7.46E-19	9.87E-18
HELZ2	1.798918385	6.373104209	2.64E-79	3.15E-77
ADRM1	0.802695349	6.68472819	2.99E-26	5.89E-25
EXOSC2	-0.55544082	5.831731525	4.63E-11	3.41E-10
GMFG	-1.769000315	1.470195299	9.14E-14	8.45E-13
SESN2	1.9222368	5.953875234	1.23E-83	1.66E-81
THEMIS2	1.35864529	3.089803396	8.72E-20	1.22E-18
DNMT1	-0.796121349	7.169207471	2.71E-22	4.33E-21
HABP4	0.744920721	5.114551804	1.18E-14	1.17E-13
UBA1	0.49052	8.548413219	1.17E-14	1.16E-13
ULBP2	1.899086911	2.199133737	3.44E-21	5.17E-20
AKAP12	2.358236384	9.924229752	5.55E-170	2.41E-167
ACSS2	0.928179605	6.511936056	4.94E-30	1.17E-28
GINS2	-1.944607892	3.624617462	2.85E-43	1.20E-41
CAP1	0.897892975	8.030768823	1.24E-15	1.33E-14
TRAF3	0.661532534	7.001873956	7.86E-14	7.33E-13
PDLIM4	1.446368322	6.207578951	2.37E-47	1.15E-45
GFPT2	1.148483522	2.370193061	9.10E-12	7.13E-11
PSMC3IP	-0.892670985	4.304188491	1.31E-14	1.29E-13
VPS25	0.891880643	5.614596647	5.17E-15	5.31E-14
DIAPH1	0.498756397	8.552736591	9.76E-14	9.00E-13
ANO1	0.909785718	9.060191397	3.20E-45	1.45E-43
NINJ1	1.909590754	5.153427127	7.70E-60	5.58E-58
TOP2A	-0.713597066	9.529008795	4.37E-25	8.12E-24
GCH1	0.766208103	4.950716695	8.42E-14	7.83E-13
ZSWIM4	2.026483813	4.724928231	7.54E-67	6.68E-65
TRIM21	1.346838453	3.810850098	3.81E-22	6.04E-21
NUP210	-0.797689869	6.709805187	2.46E-15	2.59E-14
FIGNL1	-0.660008994	6.514166362	1.89E-12	1.57E-11
WBP2	1.167860314	7.277205934	5.76E-61	4.31E-59
H3F3B	0.530809124	9.261868431	4.61E-14	4.38E-13
TRIM47	1.517212102	6.169849584	5.30E-80	6.50E-78
KDM6B	1.350981201	6.291846047	9.28E-31	2.28E-29
REEP2	-1.100146761	3.514467894	1.04E-14	1.04E-13
VPS4A	0.71435284	4.764651079	1.54E-11	1.19E-10
SNAP25	-0.915100708	5.021647984	1.38E-17	1.70E-16
PCNA	-1.318955993	7.490977891	5.57E-39	1.91E-37
RIN2	1.790776198	3.585173962	9.41E-39	3.17E-37
NASP	-0.861635665	6.738333318	1.81E-29	4.16E-28
ZBED3	-0.837724669	3.983720236	8.41E-11	6.05E-10
ATP8A2	2.123701487	2.709897561	1.18E-26	2.37E-25
CDK8	-0.912144605	7.949836478	1.01E-28	2.24E-27
ALOX5AP	3.819616776	3.154139951	1.11E-74	1.21E-72
WASF3	-0.747595704	7.279464224	3.07E-23	5.18E-22
DCLK1	1.037848364	8.046058607	5.49E-29	1.22E-27
KL	-3.501950076	1.485524685	3.74E-39	1.30E-37
RFC3	-1.47161759	5.970755311	1.04E-59	7.42E-58
RNF128	1.621882188	3.511383746	1.52E-27	3.23E-26
SLC39A11	1.042342941	4.436637076	1.69E-21	2.60E-20
EPHB2	1.111916558	4.511357029	2.14E-24	3.84E-23
SLF1	-0.864498514	4.263966751	1.18E-12	9.99E-12
BTG1	1.23350049	5.617477142	9.11E-27	1.85E-25
LRRCC1	-1.101866814	2.81760359	2.21E-12	1.82E-11
AMPD3	0.918769467	5.749472537	3.75E-23	6.28E-22
MICAL2	1.294668444	7.684020035	2.11E-70	2.01E-68
TEX15	-1.148997441	3.822884691	1.12E-19	1.55E-18
TTC9	1.325956286	4.815160307	1.07E-34	3.10E-33
LOXL2	1.60992968	3.910397777	2.40E-39	8.40E-38
IRAK2	4.669895556	1.95947764	1.06E-63	8.55E-62
BHLHE40	1.469642404	7.548632539	2.40E-61	1.83E-59
PTPN22	-1.861254093	2.674051442	1.77E-28	3.87E-27
NOTCH2	0.700804966	7.949641889	5.85E-18	7.39E-17
ROCK2	-0.702652234	8.917419927	3.66E-16	4.07E-15
LPIN1	0.86762331	6.290932461	6.36E-25	1.17E-23
RBM17	-0.731919025	7.385587758	1.94E-25	3.65E-24
EMP1	1.770617559	9.298659295	1.64E-166	6.92E-164
LRP4	-1.002995468	3.912659409	2.03E-15	2.15E-14
DDB2	-0.742338914	5.144903144	1.40E-13	1.28E-12
SPOCD1	2.358906602	1.40737908	6.34E-19	8.45E-18
PHC2	0.474934443	7.695910016	7.74E-11	5.59E-10
HOOK1	-1.025211713	6.161883279	1.87E-33	5.12E-32
ZCCHC11	-0.788350523	6.042753052	1.19E-19	1.66E-18
FHOD3	-0.859847522	5.005081283	9.26E-19	1.22E-17
DAGLA	1.485103641	2.632969999	2.89E-17	3.49E-16
ADAMTS8	-1.567014365	3.6333019	1.33E-35	3.99E-34
ETS1	2.67128215	8.088987345	1.31E-248	3.77E-245
OSTF1	0.949146024	5.548696347	2.23E-18	2.88E-17
ANXA1	0.83003175	5.221353073	7.76E-15	7.83E-14
CTSL	0.87240806	5.465637458	5.34E-19	7.15E-18
TBX3	1.98780131	6.148931697	3.21E-126	8.07E-124
P2RX4	1.057240404	4.657205355	2.66E-21	4.03E-20
PNPLA8	0.673399712	5.64323676	8.68E-12	6.82E-11
SRPK2	-0.578592813	7.571883816	1.01E-14	1.01E-13
NT5E	4.235191769	6.366071532	0	0
ORC3	-0.941585029	5.238808298	8.78E-21	1.30E-19
EHF	1.389984593	4.67644924	6.59E-43	2.72E-41
CD63	0.797788438	8.577073435	4.39E-19	5.91E-18
GLS2	-0.600111777	5.649591932	3.99E-12	3.23E-11
FAIM2	-3.257046984	2.73334663	1.22E-70	1.20E-68
KRT7	3.244731183	3.174750988	6.28E-77	7.09E-75
HEY2	-2.17871488	2.830521413	2.43E-39	8.48E-38
MICAL1	0.907430059	4.179514724	5.70E-11	4.15E-10
STX11	2.055541945	2.548176955	1.39E-25	2.65E-24
RAB11FIP5	0.84072561	4.984237686	9.78E-18	1.21E-16
DYSF	2.924297499	4.732186358	1.94E-120	4.41E-118
ABCB10	-0.801200482	4.529639591	5.66E-13	4.90E-12
USP37	-0.765987702	5.718317927	7.77E-18	9.71E-17
SERPINE2	1.227854961	5.49914743	6.35E-35	1.84E-33
DNAJB2	1.13648066	5.785568776	6.68E-41	2.54E-39
WNT10A	0.711186853	4.596405282	1.42E-11	1.10E-10
TMBIM1	0.954161778	5.79353124	1.08E-18	1.41E-17
CAB39	0.520456493	6.7461014	6.51E-11	4.72E-10
TMEM127	0.567962444	7.020434437	3.37E-14	3.23E-13
EDAR	-1.225409227	7.512813538	3.58E-49	1.83E-47
ARHGEF4	0.914575781	5.793257252	9.70E-14	8.95E-13
ALDH1L2	-1.781682423	2.451492548	5.01E-24	8.79E-23
VILL	-2.120903042	0.680056366	3.25E-12	2.65E-11
FLNB	1.229130777	10.17513653	4.25E-54	2.55E-52
RCBTB1	-0.540808612	6.492656524	4.98E-11	3.66E-10
PHF11	0.743811095	4.745542563	3.23E-13	2.86E-12
SPRY2	-0.719805048	5.010439681	3.78E-14	3.61E-13
LCP1	4.484246237	4.335665251	1.78E-188	1.11E-185
SETDB2	-0.607958109	6.287824115	9.53E-13	8.13E-12
RAPGEF5	-0.744376491	4.868640846	4.30E-13	3.76E-12
NACAD	1.833411673	2.212634829	1.01E-19	1.41E-18
LIMD2	1.943811259	2.942372344	7.30E-34	2.04E-32
BRIP1	-1.297350383	4.711648885	4.53E-34	1.28E-32
LRRC8A	1.245545055	7.628428177	4.74E-66	4.12E-64
SMC2	-1.179154982	6.920260908	4.58E-56	2.92E-54
FAM129B	1.329340663	8.846377744	1.37E-88	2.03E-86
SLC31A2	2.003847814	3.956519078	6.06E-43	2.51E-41
TLR4	-0.791440498	4.803406667	3.63E-15	3.77E-14
FPGS	0.698284664	5.484460044	1.18E-15	1.28E-14
USP20	0.83190571	5.371255896	1.39E-13	1.27E-12
DPM2	0.600951525	5.523900205	3.24E-11	2.41E-10
PSMB7	0.800029661	7.373961424	8.59E-18	1.07E-16
DSCC1	-1.66699822	4.135214704	5.02E-40	1.84E-38
TMEM63B	0.83214675	5.153817482	2.46E-14	2.39E-13
TUBB2A	0.750721087	5.393942316	5.45E-15	5.58E-14
TUBB2B	0.631121902	6.469932592	8.93E-13	7.65E-12
HMGA1	1.549742906	10.42512346	1.35E-109	2.73E-107
CPEB2	2.060158068	4.027858699	6.74E-50	3.57E-48
FHDC1	0.737535538	4.977194301	2.30E-13	2.07E-12
TTC29	0.992012392	3.885012849	1.88E-16	2.15E-15
TTPA	-1.581596985	4.34277748	2.66E-46	1.24E-44
GGH	-0.854416984	8.034483384	1.25E-15	1.34E-14
SDCBP	1.084836749	7.776670136	3.30E-44	1.43E-42
SORL1	-0.704992261	7.309304341	3.71E-23	6.23E-22
TRIM29	1.44880811	8.25013491	1.55E-91	2.47E-89
SQRDL	1.782682137	2.745811514	1.45E-27	3.07E-26
CTDSPL2	-0.776641207	5.714139802	6.84E-18	8.59E-17
MAPKBP1	0.897971837	4.717419603	1.21E-14	1.20E-13
PAQR5	0.684846759	4.696111191	6.70E-11	4.86E-10
LRRC49	0.957742143	3.6132457	1.08E-11	8.39E-11
ITPKA	1.711149217	4.008769238	4.07E-43	1.69E-41
PAK6	1.159150814	2.366355983	4.52E-11	3.34E-10
STRA6	-0.732452636	6.724055113	1.11E-13	1.02E-12
BCAR3	1.076056532	6.929929062	3.51E-39	1.22E-37
ARHGAP29	1.328076278	7.062169546	8.29E-48	4.09E-46
ACTR1A	0.745038235	6.338354513	7.01E-21	1.04E-19
MYOF	1.42769402	8.712082256	3.34E-54	2.01E-52
LOXL4	-1.268505136	5.564260135	3.06E-33	8.34E-32
KIF11	-0.781071972	6.647820771	2.36E-23	4.02E-22
TACC2	0.640466906	5.366890996	2.27E-12	1.87E-11
DUSP5	2.047971508	7.398134641	1.91E-132	5.17E-130
KIF20B	-0.939125121	6.514821893	1.55E-30	3.75E-29
ZNF365	1.358278554	3.803297509	6.83E-24	1.19E-22
DNA2	-1.414848611	4.036717672	1.22E-33	3.38E-32
BARD1	-0.950089658	5.006063837	1.41E-22	2.29E-21
CDK15	-1.365443491	3.920803476	3.38E-17	4.06E-16
ABI2	-0.592803445	7.295565055	7.85E-18	9.81E-17
SEMA7A	4.468034375	4.193992337	1.55E-179	8.57E-177
ZGRF1	-1.599499798	4.066852362	1.16E-41	4.52E-40
FRAS1	-1.374578634	6.446219519	3.25E-36	1.01E-34
SCARB2	-0.546905209	6.407282119	7.25E-12	5.74E-11
CNOT6L	-0.5769173	5.947696036	1.97E-12	1.63E-11
SHROOM3	-0.851956549	6.909624092	1.22E-22	1.99E-21
GSTCD	-0.789640357	4.239742897	9.61E-13	8.20E-12
LEF1	-0.979290386	5.131363323	2.30E-21	3.50E-20
HADH	-0.928367009	5.267173964	5.05E-18	6.40E-17
SLC39A8	-0.933624772	5.577490479	4.15E-20	5.92E-19
ETNK1	-0.514057756	8.017374067	8.30E-11	5.97E-10
INHBE	-1.688908668	2.944313832	4.77E-27	9.83E-26
PHLDA1	0.891884385	9.435545471	4.57E-30	1.09E-28
DUSP6	-0.965258139	8.193802361	8.17E-43	3.37E-41
SLC15A4	1.019895372	4.887433329	8.73E-18	1.09E-16
FAM222A	-1.243412332	2.785949554	2.02E-16	2.31E-15
SLC46A3	-1.097934822	3.222414186	2.25E-14	2.19E-13
N4BP2L1	-1.174088728	2.835993246	2.36E-14	2.29E-13
BRCA2	-1.087505966	6.537691442	1.17E-22	1.92E-21
MAP3K12	-1.047914333	3.548491822	3.86E-16	4.28E-15
KRT71	-1.920705943	0.948086285	4.39E-12	3.53E-11
VPS37B	0.851928489	5.571201863	9.38E-23	1.55E-21
RHOF	1.301226203	7.41233878	1.04E-59	7.42E-58
TMX1	-0.558856008	6.578926991	4.60E-12	3.69E-11
WARS	0.878247863	9.069521913	1.63E-37	5.24E-36
DISP2	0.948688754	4.642113727	1.10E-11	8.55E-11
IGF1R	-0.880567501	6.988545123	1.68E-16	1.93E-15
PML	0.922929091	5.408051622	1.23E-22	2.00E-21
FANCI	-1.050067204	6.672669003	1.19E-42	4.85E-41
ABHD2	1.307953759	8.666678541	1.08E-72	1.11E-70
TICRR	-0.848630981	4.380798476	2.71E-14	2.62E-13
MFGE8	1.007550648	5.399591589	1.33E-27	2.82E-26
ZNF710	1.034917002	4.218703502	1.14E-20	1.67E-19
IQGAP1	0.552267622	9.36160327	1.75E-17	2.13E-16
ITGAX	2.508865726	2.349528291	7.07E-32	1.83E-30
TGFB1I1	0.879992735	4.390732143	3.29E-16	3.69E-15
NKD1	-1.736884389	7.705825161	2.79E-57	1.87E-55
NLRC5	0.792885717	5.339708078	2.47E-16	2.79E-15
KIFC3	1.340994527	5.37938301	1.47E-26	2.91E-25
CMTM3	1.37505772	2.520654382	3.67E-15	3.80E-14
TLDC1	0.977383625	5.11361306	8.21E-23	1.36E-21
OSGIN1	1.26611737	2.657086379	1.67E-12	1.39E-11
TOB1	0.784493661	6.747397922	1.18E-14	1.17E-13
IMPA2	-0.894056565	4.185878644	4.09E-15	4.24E-14
GNAL	-0.935165025	5.012543394	5.03E-20	7.14E-19
NPC1	1.019021145	7.58738796	3.53E-44	1.52E-42
TP53	-0.592275149	6.903025919	1.44E-13	1.31E-12
ARHGDIA	1.147799704	8.568865171	1.78E-50	9.53E-49
TMC6	0.780006712	7.032878635	2.68E-12	2.20E-11
RNF157	-1.763652629	3.574926151	1.43E-34	4.10E-33
SH3GL1	0.974632035	6.324291856	1.58E-30	3.82E-29
DPP9	0.980910104	6.643700548	2.35E-26	4.65E-25
HUNK	-0.762046733	5.018403126	7.09E-15	7.18E-14
COL6A1	1.117244309	6.599226327	2.56E-23	4.36E-22
COL6A2	2.766402857	0.860686451	1.63E-17	2.00E-16
TRPM2	0.83691284	4.961728359	2.29E-17	2.78E-16
DOPEY2	0.997797369	6.75324993	2.20E-29	5.03E-28
EMP3	1.824905336	5.786303568	5.71E-75	6.25E-73
LMTK3	1.146598134	4.559397345	7.55E-19	9.98E-18
RNPEPL1	0.802274931	5.456105487	6.14E-15	6.25E-14
CACNG8	2.218982495	4.039587558	1.77E-56	1.15E-54
SLC47A1	-2.441671328	0.775810301	3.80E-14	3.63E-13
RERE	-0.925809816	7.194871634	1.92E-25	3.62E-24
EPHA2	0.949338295	7.537634417	6.80E-34	1.91E-32
EFHD2	1.131524481	6.275769424	5.53E-42	2.19E-40
SH3BGRL3	1.779288907	6.645293165	1.80E-72	1.81E-70
CNKSR1	0.881143286	4.643353895	1.89E-14	1.85E-13
PLK4	-0.819248198	4.959359365	2.48E-13	2.22E-12
PRKACB	-0.690423306	5.264455491	1.25E-11	9.71E-11
PIGK	-0.718380263	5.018936203	5.42E-14	5.12E-13
TINAGL1	0.885185344	7.936684223	1.94E-32	5.09E-31
IGSF3	0.702404151	4.989284746	2.20E-12	1.82E-11
ZNF697	1.174969594	5.987963885	1.60E-40	6.03E-39
CTTNBP2NL	0.706909487	4.975704613	8.95E-13	7.66E-12
CELSR2	-0.65881192	5.550789746	1.59E-11	1.22E-10
CREG1	-0.583061107	6.488767503	2.12E-11	1.61E-10
ABL2	1.126397862	7.070798175	1.01E-28	2.24E-27
LHX9	-2.341722116	1.03274545	2.86E-16	3.22E-15
ECM1	1.502383823	1.948179477	2.99E-12	2.45E-11
CGN	1.707919527	3.069945005	1.56E-31	3.98E-30
MCL1	0.739271025	8.493663114	8.65E-30	2.01E-28
PI4KB	0.666571923	5.886037642	3.46E-14	3.31E-13
DTL	-1.819070026	5.108508142	1.09E-75	1.22E-73
VASH2	-2.064733042	1.100791447	2.09E-14	2.04E-13
SUSD4	-2.225084705	3.094775031	3.92E-47	1.87E-45
DUSP10	3.410407941	3.225705786	2.18E-74	2.35E-72
ATP8B2	0.850269364	3.571692137	2.73E-11	2.04E-10
RAB13	0.771019549	5.309430901	4.60E-15	4.75E-14
TPM3	0.583582807	7.779823076	3.11E-14	2.98E-13
LYST	1.944004238	5.213345343	1.07E-72	1.10E-70
GUK1	0.825760764	5.683120836	9.74E-18	1.21E-16
MBOAT2	0.592343948	7.75111586	1.16E-18	1.52E-17
PSEN2	1.487371047	4.969602578	2.25E-48	1.13E-46
WNT9A	4.613941807	5.417053305	1.11E-235	2.65E-232
ARL8A	0.904255786	4.820769738	2.25E-18	2.90E-17
RHOB	1.5275632	8.760572938	7.68E-84	1.05E-81
HNRNPLL	-0.562463717	6.05733265	4.03E-11	2.99E-10
MALL	1.927785621	2.488030995	1.41E-17	1.73E-16
RALB	0.622134101	6.892338265	3.00E-12	2.45E-11
ZC3H8	-0.68583013	5.366834234	1.35E-12	1.13E-11
AFF3	0.695072915	4.788782685	2.42E-11	1.82E-10
PKP4	-0.625917198	7.763511076	6.17E-17	7.28E-16
KIAA1715	-0.694277471	5.770312922	7.11E-14	6.67E-13
CDCA7	-1.081105778	6.335910294	5.82E-40	2.10E-38
FAM171B	-0.91560431	6.033108129	4.95E-21	7.39E-20
KANSL1L	-0.851510111	4.949202599	1.80E-16	2.06E-15
FANCD2	-1.16857902	4.288950014	1.00E-26	2.02E-25
VGLL4	0.886325831	5.982662295	2.73E-24	4.86E-23
04-mar	2.14272232	4.498912816	1.31E-71	1.30E-69
GRIP2	-1.183501358	3.931765111	1.05E-15	1.14E-14
CSRNP1	0.980777259	3.801561054	2.81E-14	2.72E-13
CTDSPL	-0.805080007	7.979963177	2.46E-25	4.62E-24
IL17RD	-0.701122996	6.777414109	1.69E-16	1.93E-15
NFKBIZ	2.319745935	2.585719859	5.44E-40	1.98E-38
MYH15	5.869619335	0.816707837	1.72E-32	4.54E-31
ADPRH	1.191404307	3.315258361	5.57E-18	7.04E-17
NCEH1	0.976655882	5.763073709	2.11E-18	2.73E-17
RUBCN	0.651941612	6.007471582	8.41E-12	6.61E-11
STXBP5L	-1.336276838	2.897300149	5.85E-18	7.39E-17
TM4SF19	2.664820956	2.731096034	2.93E-47	1.41E-45
OCIAD2	0.846154508	5.511647673	2.29E-11	1.73E-10
SCD5	-0.827449345	4.294239203	7.84E-14	7.32E-13
MYO10	0.964868604	8.534122165	3.33E-42	1.34E-40
FAM105A	-1.195873554	2.299222087	1.42E-11	1.10E-10
SKP2	-1.029054089	4.836029156	1.70E-17	2.08E-16
PLK2	0.952774561	6.082819464	2.65E-23	4.50E-22
LHFPL2	0.903461998	6.325853393	9.41E-31	2.30E-29
PAM	-1.72918837	8.003110347	9.08E-136	2.72E-133
FBXL17	-0.626835447	5.036661082	1.07E-11	8.37E-11
FEM1C	0.91636437	6.582066694	4.19E-26	8.20E-25
ADAMTS19	-1.940633721	4.262668193	4.06E-64	3.33E-62
ARHGAP26	0.561886213	5.799600397	5.97E-11	4.34E-10
DDX46	-0.511219498	7.110362098	5.01E-12	4.01E-11
TNIP1	2.359590422	7.690996261	8.98E-229	1.29E-225
N4BP3	2.442603467	3.447363748	7.50E-61	5.58E-59
TENM2	-2.271402467	3.619168781	1.08E-65	9.36E-64
DCDC2	-0.650007557	5.310620634	5.00E-12	4.00E-11
NFKBIE	2.057977045	3.577053819	4.50E-51	2.46E-49
IRAK1BP1	-1.161386977	3.466954435	1.12E-17	1.38E-16
PHIP	-0.946355806	6.928836162	1.44E-32	3.82E-31
MMS22L	-1.65391434	5.379418933	1.41E-67	1.27E-65
PM20D2	-0.684869309	6.717264495	1.12E-20	1.65E-19
SDK1	-0.816446093	5.979737111	4.48E-15	4.63E-14
CREB5	3.372844549	1.820777099	3.68E-36	1.13E-34
EGFR	1.608165539	8.751798944	1.70E-112	3.54E-110
CDCA5	-0.624713945	5.847176992	2.81E-12	2.30E-11
IGFBP3	-0.877353202	6.825856574	3.94E-25	7.34E-24
CNPY1	-1.142366833	5.483681517	1.23E-32	3.26E-31
NCAPG2	-1.01217382	6.294442246	5.77E-33	1.55E-31
MSN	0.782933479	9.321748702	1.16E-32	3.10E-31
SLC16A2	4.608760176	4.50130299	2.48E-235	5.09E-232
ZNF711	-1.397047251	2.297018583	1.42E-14	1.40E-13
DOCK11	-1.307630487	5.807634154	6.43E-46	2.94E-44
NSDHL	0.83663369	5.432797709	1.88E-14	1.85E-13
CSGALNACT1	-1.521066852	1.678239412	3.38E-13	2.98E-12
ATP6V1B2	0.630270574	8.075948199	6.50E-11	4.72E-10
SLC25A37	0.844527411	6.091725774	5.43E-19	7.26E-18
GINS4	-1.481121597	3.900312171	6.28E-33	1.68E-31
SYBU	0.868298438	3.880338991	8.11E-12	6.39E-11
NFIB	-1.098230032	4.425039039	1.44E-14	1.42E-13
CEP78	-1.848480493	7.216332727	8.30E-125	1.98E-122
NTRK2	-0.943787456	5.208561348	4.33E-25	8.06E-24
C9orf3	-0.682689097	6.340964433	2.97E-19	4.04E-18
CRB2	-1.448051763	2.743567961	6.66E-20	9.40E-19
SLC25A25	0.675150936	5.862732856	3.33E-16	3.73E-15
PTGES	1.021019519	3.921729466	1.37E-18	1.78E-17
LCN2	3.048725464	6.396142282	7.36E-97	1.26E-94
PROSER2	0.977415201	5.253721337	4.84E-22	7.64E-21
ZEB1	1.673633262	4.186768978	3.74E-39	1.30E-37
ANKRD1	0.805181523	8.653254693	1.01E-17	1.25E-16
ADD3	-0.658101549	6.800785248	6.10E-15	6.21E-14
NPFFR1	-1.95871794	2.692706926	7.52E-31	1.85E-29
ITPRIP	1.647947948	4.50313844	1.53E-47	7.45E-46
BTBD10	0.895995772	5.504203583	9.89E-17	1.16E-15
SYT8	-3.269068195	0.832104044	9.08E-23	1.50E-21
TNKS1BP1	1.333959514	7.805508865	8.03E-51	4.34E-49
SESN3	-2.398305955	5.649481411	1.20E-138	3.75E-136
CAPN5	1.151486069	3.128395937	2.73E-14	2.64E-13
PAK1	0.861960965	5.514802456	1.25E-23	2.15E-22
ZC3H12C	0.783052781	5.238795522	5.94E-18	7.49E-17
DRD2	1.698337697	4.812830546	5.88E-60	4.33E-58
ATM	-0.737480441	7.418711734	5.97E-15	6.10E-14
GLB1L2	-0.722385637	5.77484347	1.40E-14	1.38E-13
ST14	0.508600198	7.747310249	2.64E-12	2.17E-11
CHEK1	-0.836346568	6.298772834	6.31E-20	8.92E-19
TAGLN	1.312853578	2.549909238	2.25E-13	2.02E-12
DSN1	-1.0893391	5.516937713	2.28E-33	6.23E-32
CDC42EP2	1.86039896	4.066853589	3.90E-52	2.20E-50
HIRIP3	-0.719159676	4.308927663	2.14E-11	1.63E-10
HMGA2	0.718467156	7.061610125	2.22E-18	2.87E-17
MPP7	-1.856048104	3.88322863	3.41E-43	1.42E-41
ARID5B	-1.004224662	5.257357792	2.11E-19	2.89E-18
LATS2	0.815023974	6.445819749	3.61E-23	6.08E-22
LYPD6B	-0.910668774	3.705646096	1.13E-12	9.55E-12
PRSS23	1.951612584	5.83651366	2.44E-83	3.27E-81
PIP4K2A	0.816306682	6.11319545	8.50E-21	1.26E-19
CRIM1	-0.711581359	6.523432666	7.77E-17	9.12E-16
SEC24D	0.696083046	5.759322282	6.08E-15	6.19E-14
UBC	0.975156035	8.364017065	1.08E-41	4.21E-40
NOCT	1.383780234	3.869943597	1.04E-26	2.11E-25
ANK3	1.159343748	4.972496755	1.13E-31	2.91E-30
CCDC3	-2.254616569	3.674685601	4.62E-66	4.04E-64
NCAPD3	-1.132796211	6.491573188	1.93E-42	7.83E-41
ANO4	-3.735622202	3.559889785	3.75E-127	9.79E-125
TEX9	-1.325908746	2.547495153	1.10E-15	1.19E-14
TMEM45B	-0.796374296	5.946546778	2.43E-19	3.32E-18
CENPU	-1.539184523	4.270910389	4.24E-44	1.82E-42
CENPJ	-1.038775226	5.950203196	7.45E-32	1.93E-30
BAG3	0.640889592	5.142067207	2.77E-11	2.07E-10
RABGAP1L	-1.10962509	6.461444636	1.29E-39	4.60E-38
TMEM56	-1.06981916	3.978396167	5.43E-12	4.32E-11
TMEM163	-0.974924038	4.916914856	9.87E-25	1.79E-23
PDE3B	-1.68180384	2.332888582	2.97E-20	4.27E-19
SPOCK1	3.326774925	0.524759585	2.52E-15	2.65E-14
SUV39H2	-0.682250434	4.968970773	1.36E-11	1.05E-10
CAMK4	-1.641272204	4.831844683	6.29E-56	3.97E-54
PAN3	-0.564237528	7.152425879	5.49E-11	4.01E-10
PLEKHH2	-1.102497521	3.830366962	4.19E-17	5.01E-16
PFKM	-0.471927057	7.222446741	2.62E-11	1.97E-10
SPEF2	-1.839685507	1.048223735	7.64E-11	5.52E-10
PELO	1.17203438	6.084004842	7.35E-42	2.89E-40
RASGRP3	1.018998329	2.945177783	4.66E-12	3.74E-11
CENPH	-1.18692953	4.345884806	1.53E-24	2.78E-23
CARHSP1	-0.724968112	4.450860462	1.16E-11	9.00E-11
ACOXL	1.433649494	1.909125274	5.18E-12	4.14E-11
CAST	0.555869907	8.890242912	1.93E-14	1.89E-13
RBMS1	0.641331006	6.37286659	6.22E-16	6.84E-15
PLEKHG4B	-1.09514397	3.097350843	1.35E-14	1.33E-13
CMIP	1.19182238	5.171855398	1.20E-36	3.74E-35
MSI2	-1.037806079	8.386301695	2.41E-44	1.06E-42
HS3ST3A1	1.733258282	1.878369802	1.83E-16	2.09E-15
C16orf74	1.432828141	2.575797983	1.20E-15	1.29E-14
ROBO4	5.420179716	4.099176482	1.29E-208	1.24E-205
ROBO3	2.128277168	2.869185326	1.83E-35	5.46E-34
PITPNC1	1.168848957	5.190924386	4.18E-29	9.40E-28
CC2D1B	0.959727567	5.005520302	8.13E-15	8.18E-14
CCSAP	-0.819880999	4.890126954	7.48E-17	8.78E-16
SORBS2	-1.152420263	3.782832819	2.07E-20	2.98E-19
CXADR	-0.729125275	6.835704165	9.46E-12	7.39E-11
GABPA	-0.689156133	5.217437263	3.34E-13	2.94E-12
FGD5	-0.984338535	6.038272862	7.24E-25	1.32E-23
APCDD1	-1.921663645	7.194877759	2.45E-113	5.17E-111
EME1	-1.076150714	3.903179219	4.90E-19	6.58E-18
CYP2U1	-1.44287195	3.74436877	8.35E-29	1.86E-27
GOLGA7B	1.163445264	6.377153151	1.72E-34	4.91E-33
GRAMD3	1.67780847	1.541828492	3.49E-13	3.08E-12
RHOC	1.673360388	6.284302438	8.24E-59	5.79E-57
NUP205	-0.620007379	7.020722806	6.21E-11	4.51E-10
TMEM237	-0.807110792	4.811850816	6.02E-15	6.13E-14
RAET1L	2.555848452	0.70945497	1.58E-14	1.55E-13
AFF2	-1.806861841	1.163894038	4.66E-13	4.06E-12
GNAQ	-0.574967141	6.922681873	3.21E-13	2.84E-12
DPY19L4	-0.818765687	5.651178877	9.28E-15	9.31E-14
BACH1	0.514003538	6.738303056	3.07E-11	2.29E-10
SFXN2	-1.07312909	3.083150408	9.54E-12	7.44E-11
PCDH1	0.91072771	6.819605435	5.44E-24	9.52E-23
SH3RF2	1.726436404	5.590809261	9.42E-50	4.95E-48
HKDC1	2.354074554	2.603176112	5.06E-31	1.26E-29
HK1	0.95248573	7.291331066	5.67E-42	2.24E-40
PHF6	-0.601482489	6.902905532	2.32E-16	2.63E-15
ATAD2	-1.396565602	6.815551222	1.56E-73	1.62E-71
FBRS	0.607238036	5.903561743	7.43E-11	5.38E-10
SASS6	-1.212713111	4.110417643	9.97E-27	2.02E-25
BUB1B	-0.74767853	5.890509263	1.42E-17	1.74E-16
NECAP2	1.141914192	5.357792607	7.60E-26	1.46E-24
CLDN12	0.838517906	7.289300637	1.75E-19	2.41E-18
MMP14	2.657180644	7.773574469	4.61E-230	7.34E-227
FAM81A	-1.61470549	1.515835429	5.55E-13	4.80E-12
MYO1E	0.881198406	6.085576227	1.73E-27	3.66E-26
AFAP1L1	1.11985283	3.566764785	1.61E-13	1.46E-12
TSC22D3	1.098185792	4.671919447	1.63E-17	2.00E-16
C2CD2	0.628254947	6.14651381	2.90E-15	3.04E-14
DPYSL5	-1.565271196	2.56828431	6.01E-15	6.13E-14
TPRG1L	0.668760828	5.726213442	8.78E-14	8.14E-13
XDH	1.852045116	2.042918275	3.61E-20	5.18E-19
WASF2	0.462324151	7.646995942	4.96E-11	3.64E-10
CUL4B	-0.617755964	7.768328342	5.98E-19	7.98E-18
DNAH3	-1.416033473	2.243594051	6.60E-15	6.70E-14
GDPD5	1.407268925	4.61976671	1.38E-37	4.49E-36
TAGLN2	1.031082022	7.167110164	5.28E-24	9.25E-23
SLC45A3	0.808206433	4.31668356	8.97E-12	7.03E-11
CDA	1.723389148	4.92831197	9.03E-54	5.36E-52
PINK1	1.13696788	6.148764082	2.89E-43	1.21E-41
LAD1	0.80090271	6.36572102	5.67E-23	9.43E-22
RUNX1	-0.676432209	7.807404695	1.74E-17	2.12E-16
CHAF1B	-0.999524429	5.136494517	2.79E-25	5.21E-24
UROC1	-2.034992574	3.494395922	1.67E-51	9.23E-50
ATP6V0D1	0.65295065	5.782795795	5.36E-12	4.27E-11
ZYX	1.201623216	6.907075714	3.53E-44	1.52E-42
CCDC107	1.167716569	2.539800066	6.77E-11	4.90E-10
TNFRSF13C	-2.235359994	0.997611609	1.86E-14	1.83E-13
SLC37A1	1.369135629	4.10754354	7.08E-30	1.66E-28
G6PD	0.767945738	6.518522425	2.36E-21	3.60E-20
CSTB	0.806223379	6.763007426	2.77E-19	3.77E-18
C21orf58	-1.354476566	4.000654781	7.98E-24	1.39E-22
ZNF714	-0.793662728	4.481148274	5.64E-14	5.31E-13
COX6B2	3.148596822	3.712736102	5.11E-84	7.06E-82
DEDD2	0.777981965	4.591125689	7.40E-12	5.85E-11
MPZL3	0.819872752	4.478755975	5.10E-11	3.74E-10
IL6R	2.792081209	6.527054445	2.21E-135	6.46E-133
CHRNB2	0.780311948	5.311939949	2.37E-15	2.50E-14
ANO10	0.814513136	4.926694915	9.34E-13	7.99E-12
LMNA	0.734348889	9.205050777	5.37E-25	9.86E-24
VPS28	0.795729476	4.200407789	2.64E-11	1.98E-10
RECQL4	-1.111415738	4.40465922	8.63E-16	9.40E-15
ORAI2	0.584832408	6.386721519	1.51E-13	1.37E-12
SQSTM1	1.616645195	9.901994168	5.51E-142	1.80E-139
MGAT4B	0.914043609	7.863523626	1.84E-32	4.84E-31
MFSD12	0.713402501	6.65423943	9.92E-14	9.14E-13
ITGA5	1.539263495	6.332639196	6.68E-57	4.42E-55
MPP3	0.885962083	5.008421312	9.27E-16	1.01E-14
NAGS	1.172771608	4.387058787	2.57E-24	4.58E-23
EMC10	0.556788028	6.849120049	1.93E-14	1.89E-13
SHANK1	1.444037666	2.650746478	2.89E-17	3.49E-16
PLCD3	0.963525636	7.666095133	3.24E-28	6.99E-27
SPC24	-1.078080476	4.025462217	1.09E-17	1.35E-16
SHANK2	0.831892072	5.145484248	4.94E-15	5.08E-14
ASRGL1	-0.988100119	3.148253021	1.64E-12	1.37E-11
RPS6KA4	1.008813194	6.046216055	4.55E-25	8.42E-24
FGF19	-0.633799327	6.692669206	1.79E-12	1.49E-11
KLHL21	1.27212235	6.847668264	2.14E-63	1.70E-61
JAK1	0.490106238	7.646339362	1.25E-11	9.70E-11
RAVER2	-0.77181511	5.193315002	4.93E-18	6.25E-17
DRAXIN	0.950726524	5.046018587	1.78E-21	2.74E-20
LAPTM5	1.185531368	3.670377557	1.41E-19	1.96E-18
RBBP4	-0.722780546	7.419124171	4.85E-13	4.22E-12
CAMK2N1	1.415937609	5.54809188	1.13E-56	7.43E-55
NFIA	-1.491048764	4.044891155	2.37E-19	3.24E-18
MYSM1	-1.071265424	5.042319071	1.29E-23	2.22E-22
USP1	-0.906633829	6.977324507	4.99E-29	1.12E-27
GFI1	-1.077817807	2.816337489	1.35E-12	1.13E-11
AGL	-0.656923404	5.567510168	7.88E-14	7.34E-13
PEA15	0.819397708	6.802357292	3.65E-26	7.17E-25
ATF3	1.133902574	3.545566826	4.91E-17	5.85E-16
SNED1	-1.134605459	2.758529495	4.12E-12	3.33E-11
MAPKAPK2	0.59566564	6.583744514	4.63E-15	4.77E-14
IL24	4.86888903	3.017851925	1.43E-104	2.74E-102
CAPN2	1.791140291	9.529156713	4.97E-138	1.52E-135
ARL5A	-0.622343689	6.876541001	3.09E-14	2.96E-13
CCDC138	-1.05307513	4.299998502	2.51E-18	3.22E-17
SGPP2	2.600782912	4.972998262	2.33E-102	4.28E-100
NEURL3	3.508297331	1.515540096	7.48E-39	2.54E-37
CTSS	2.686686244	3.402589773	1.96E-57	1.33E-55
S100A11	1.167567349	9.20079841	2.08E-42	8.42E-41
SPRR2D	5.122156717	0.29436957	2.21E-19	3.03E-18
ANTXR2	3.309638394	1.620385588	4.11E-36	1.26E-34
CGGBP1	-0.514707134	6.707844787	3.75E-12	3.04E-11
GPR155	-2.402848485	5.422851018	2.41E-133	6.79E-131
CLDN1	1.217733587	6.800008173	1.43E-39	5.06E-38
IGFN1	8.380109757	4.012563	6.66E-149	2.45E-146
EIF4E3	1.194590977	4.068691919	5.31E-14	5.02E-13
ELF3	1.185402748	3.678788182	2.19E-17	2.66E-16
ARPC2	0.621508736	8.251362166	1.33E-16	1.53E-15
KIAA1524	-0.742342924	4.137622863	3.83E-11	2.84E-10
SGOL2	-0.693183309	5.883397329	1.02E-16	1.19E-15
NUAK2	1.374004656	3.508807058	6.15E-26	1.20E-24
PTPN13	-1.090799776	3.307985035	2.07E-14	2.03E-13
ABHD6	-1.043461559	5.069722018	1.37E-25	2.61E-24
APBB2	-1.02186767	6.808558895	3.74E-20	5.34E-19
TOPBP1	-0.903391784	6.948893342	1.27E-25	2.42E-24
ZNF513	1.026528958	3.789706334	3.52E-15	3.66E-14
CDCP1	0.978302213	8.441164978	1.12E-26	2.26E-25
SLC6A20	0.802019723	4.193531644	5.26E-12	4.20E-11
NMNAT3	-1.123882163	2.755689487	1.08E-11	8.39E-11
TPRA1	1.43548263	5.529710712	3.00E-61	2.26E-59
ZC3H12A	2.338628119	4.399181521	1.53E-62	1.21E-60
RFC4	-1.047987778	5.646965805	8.00E-23	1.32E-21
PRKCD	1.054785161	5.840230652	6.84E-30	1.61E-28
MFI2	0.812067777	5.604639636	4.09E-16	4.53E-15
H2AFZ	-0.773463688	7.368311985	3.99E-15	4.13E-14
CDC25A	-0.800584865	4.942962822	5.42E-14	5.12E-13
SHISA5	1.011885307	6.141686122	1.87E-35	5.55E-34
SPRY1	-1.054121866	3.258857311	1.24E-14	1.23E-13
INTU	-1.181549731	3.488534361	1.17E-16	1.36E-15
CAMKV	-0.974117032	3.503020556	2.96E-13	2.63E-12
HMGB2	-0.597648779	7.598161105	3.54E-16	3.94E-15
MAD2L1	-1.141266417	5.83118308	3.88E-27	8.04E-26
ANXA5	1.483323816	8.200520594	2.12E-35	6.29E-34
CEP44	-0.91835043	4.703190097	4.22E-17	5.04E-16
ITGA2	2.800916414	8.977054022	2.96439387504748e-323	2.12635972657156e-319
LMBRD2	-0.907091896	4.246144377	2.75E-13	2.45E-12
STARD4	-0.7707341	8.118768596	8.51E-22	1.33E-20
ANKRD33B	4.685654866	1.778363077	1.43E-55	8.92E-54
ESM1	3.020538418	1.958791424	5.82E-40	2.10E-38
RHOBTB3	-1.265769727	8.392215601	1.06E-51	5.88E-50
ACSL6	-3.850228171	1.255825974	1.00E-38	3.36E-37
CSF2	6.486551419	3.688372862	1.03E-197	7.40E-195
CITED2	0.89232049	4.376158117	6.95E-16	7.62E-15
DCBLD1	0.873187985	5.102027624	4.52E-20	6.43E-19
TMEM200A	2.689430539	2.551327978	1.35E-39	4.80E-38
STEAP1	0.991654546	6.485265814	3.88E-23	6.50E-22
CDCA7L	-1.382601446	6.887249726	1.24E-70	1.21E-68
SYTL3	1.452691903	3.079551553	1.69E-22	2.74E-21
ZNF704	-1.20612299	7.929919793	4.28E-31	1.07E-29
SHH	2.00030873	2.292172791	9.29E-25	1.69E-23
BRI3	0.787147624	6.863207942	2.25E-16	2.55E-15
TNFRSF11B	-2.091755722	5.161939844	1.57E-87	2.21E-85
SPIDR	-0.831498217	5.837742443	5.61E-22	8.81E-21
OXR1	-1.019028794	8.117625238	1.85E-32	4.85E-31
NOS3	1.063677314	6.406171744	6.50E-21	9.68E-20
ALDH7A1	-0.716148157	5.65026618	9.87E-15	9.89E-14
YWHAZ	0.661806432	9.396215447	2.18E-13	1.96E-12
FZD6	-0.746206462	5.236181359	1.00E-16	1.17E-15
GEM	4.100381623	2.597877182	1.34E-58	9.37E-57
FAM219A	1.125993392	5.212390794	1.09E-26	2.19E-25
KIAA1161	-0.686317856	5.91923902	2.20E-11	1.67E-10
PSIP1	-0.931535621	6.716992082	7.80E-36	2.36E-34
DIRAS2	-1.716239134	1.754951486	1.35E-16	1.56E-15
SYK	-1.21817224	7.819228105	2.49E-61	1.89E-59
HGSNAT	1.079429573	4.939999918	8.40E-28	1.79E-26
DYNLT3	1.532851494	5.820316007	1.24E-37	4.05E-36
C9orf84	-1.531479297	1.591649602	4.92E-12	3.94E-11
KIAA1958	-0.709824259	5.81738476	3.40E-13	2.99E-12
CARD19	0.906065068	4.424919818	5.44E-16	5.99E-15
ZNF367	-1.451891166	5.617622232	1.80E-20	2.61E-19
VCP	0.49601017	8.818515717	9.68E-13	8.24E-12
MELK	-0.724448108	6.065292052	5.27E-17	6.25E-16
PGM2L1	0.831937293	4.790141565	1.11E-14	1.11E-13
GJB2	2.1318226	6.285505644	3.89E-107	7.76E-105
SKA3	-1.04859297	5.275623068	9.68E-29	2.15E-27
DDIAS	-0.961034678	4.832479924	1.23E-22	2.00E-21
CDX2	-1.014322607	4.800688163	3.71E-23	6.23E-22
DACT1	2.829407591	0.537688431	6.06E-16	6.67E-15
OXGR1	-1.984627365	1.990056593	5.53E-21	8.24E-20
SNAPC4	0.696145411	5.39719853	4.26E-11	3.15E-10
STOX1	-1.286379143	3.13573457	1.81E-19	2.49E-18
CCDC186	-0.76754846	6.605926689	3.76E-22	5.96E-21
VWA2	-1.243956686	4.96438032	8.85E-32	2.28E-30
SALL2	-1.653733725	1.678336758	2.14E-14	2.09E-13
ZFYVE1	0.697606675	5.154828007	5.44E-12	4.33E-11
UBTD1	0.929431622	3.186082908	5.46E-11	3.99E-10
E2F7	-1.041748282	3.655396559	5.76E-17	6.81E-16
TTC7B	1.150456399	2.526198421	8.47E-12	6.66E-11
SLC39A13	0.907911632	5.750591317	1.26E-17	1.55E-16
SMCO2	-1.984356351	6.062355667	1.34E-56	8.74E-55
ABTB2	0.920436869	4.990801276	9.41E-19	1.24E-17
ADAMTS15	-1.254256683	3.914652127	8.28E-25	1.51E-23
SPINT1	0.646172615	6.912113843	7.74E-15	7.82E-14
SMPD1	1.179839971	4.582674628	3.00E-28	6.48E-27
ILK	0.75073793	6.355125811	1.21E-12	1.02E-11
SERPINB8	1.446437303	4.609017857	1.60E-28	3.51E-27
CDYL2	1.564730872	2.398876659	2.34E-16	2.65E-15
MCM7	-1.233490421	8.371285332	6.60E-60	4.80E-58
B2M	0.736192046	5.565949757	6.37E-12	5.05E-11
SLFN5	1.325883033	7.621360218	7.98E-64	6.51E-62
FAM111A	-0.670292801	6.202207217	2.12E-16	2.41E-15
KIAA0101	-1.840808504	3.326933611	1.90E-38	6.34E-37
NAV2	1.217843438	8.089936403	5.01E-22	7.88E-21
NEMP1	-0.741889321	6.998421405	1.16E-23	2.01E-22
STAT6	0.617261934	6.732719406	2.98E-11	2.22E-10
PIP4K2C	0.574018362	6.456591995	2.56E-12	2.11E-11
NYAP1	2.421303925	0.654410047	6.41E-13	5.52E-12
TSC22D4	0.901924267	6.265998594	2.59E-22	4.15E-21
SMAD3	0.727995016	6.196538222	8.39E-14	7.81E-13
NUDT21	-0.591859794	7.612291693	6.69E-15	6.79E-14
NKX3-1	1.326609454	2.694216329	5.44E-14	5.14E-13
DUSP18	1.769168326	3.082807918	3.03E-27	6.32E-26
TEF	-0.897365645	3.393078392	1.26E-11	9.77E-11
TMEM92	1.284417232	3.360289798	1.12E-20	1.64E-19
FAM102A	2.604829066	7.309473011	5.18E-151	1.96E-148
SLC27A4	1.236562441	5.734256433	1.86E-37	5.98E-36
C15orf39	1.790591563	5.639014039	2.06E-75	2.29E-73
GPRC5B	1.348670079	3.026284917	5.18E-19	6.96E-18
MYO5B	0.863788743	6.123853712	7.34E-26	1.42E-24
RRM1	-0.979364023	6.957108959	3.42E-30	8.14E-29
TPM4	1.31629144	9.415925844	6.16E-58	4.22E-56
MIDN	0.736786491	6.810527719	3.27E-12	2.66E-11
MVD	1.13027015	4.151750292	7.93E-21	1.18E-19
CDT1	-1.049332489	4.188814654	3.49E-21	5.25E-20
CORO6	1.637272513	4.900787872	4.80E-20	6.83E-19
TUBA1A	1.278532982	5.481649469	1.14E-12	9.60E-12
CYP2S1	1.352098681	5.521552946	7.82E-45	3.49E-43
AXL	1.351276652	7.662486584	2.60E-68	2.43E-66
C19orf33	1.152891043	3.103248801	1.20E-12	1.02E-11
DAPK3	1.032803265	4.53468181	5.91E-20	8.37E-19
CHAF1A	-1.203408943	5.307165768	8.53E-30	1.99E-28
SEMA6B	-1.841922723	5.178643172	2.86E-68	2.64E-66
TRPV3	2.286227172	2.200900656	4.61E-27	9.52E-26
ZNF83	1.346276854	6.745545759	1.32E-49	6.88E-48
KRT80	1.049042909	7.417247641	9.33E-45	4.14E-43
SPRYD3	1.551330732	5.663126512	9.05E-65	7.59E-63
IGFBP6	1.058492871	6.152074676	5.98E-37	1.88E-35
TMC8	0.854467113	6.130520788	7.64E-15	7.73E-14
TK1	-1.062501845	5.324006407	5.45E-33	1.47E-31
RAB26	-1.508634414	1.563858439	1.76E-11	1.35E-10
ABCA3	0.989001255	4.130929646	5.26E-17	6.24E-16
VPS37C	0.777422612	4.70406832	2.13E-11	1.61E-10
FTH1	1.165987254	10.46481277	1.43E-37	4.62E-36
C2CD3	-0.814582572	5.511687948	3.34E-16	3.74E-15
SCARA3	-1.443954572	3.662673446	6.01E-31	1.49E-29
PBK	-0.994446206	5.008542992	1.00E-16	1.17E-15
NT5DC2	-0.939744606	4.061122015	1.61E-15	1.72E-14
ACOX2	-1.998629626	1.827322694	2.67E-21	4.04E-20
HR	-2.199308231	4.738889045	1.51E-63	1.21E-61
RAB31	0.807010828	4.316634567	7.83E-14	7.31E-13
CCDC110	-1.042446494	3.421428122	4.29E-14	4.09E-13
FEN1	-1.041585738	5.907727837	1.64E-31	4.17E-30
SERINC2	0.99854549	6.794931554	2.77E-28	6.01E-27
STAT3	0.800492933	6.888153798	1.27E-26	2.53E-25
AXIN2	-0.61485064	8.760737682	5.93E-13	5.13E-12
SLC16A4	0.887789426	4.727951277	4.78E-11	3.52E-10
NPNT	-1.269931286	4.922857389	5.48E-40	1.99E-38
TSPAN5	0.812960944	6.164276268	1.98E-22	3.18E-21
TNIP2	1.190846137	5.100560848	7.35E-36	2.23E-34
TMEM150A	0.97856267	3.840012219	4.53E-15	4.68E-14
ZNF608	-0.800502911	5.173173189	1.73E-13	1.56E-12
STXBP6	-1.086178607	4.190055306	1.59E-21	2.46E-20
CPLX1	0.813395764	4.569117146	1.17E-13	1.07E-12
MAP2K1	0.766337192	5.879136622	3.57E-17	4.28E-16
KLK7	-1.6060785	3.909117622	2.44E-37	7.80E-36
PARM1	-1.62418389	2.126901827	3.02E-17	3.64E-16
ZBTB43	0.661458222	5.556878287	6.72E-12	5.33E-11
RGS14	1.421273143	4.924203615	5.88E-39	2.01E-37
SHE	1.97801894	2.602701357	2.62E-29	5.95E-28
IL1RAPL1	1.463288633	3.30735655	2.30E-19	3.14E-18
PTAFR	1.917015505	3.219950299	4.35E-35	1.27E-33
CXCL8	7.205345936	2.264630126	7.33E-101	1.30E-98
GJB1	-0.981751069	5.254979992	4.25E-26	8.31E-25
LRRC45	-1.182561137	4.504603538	3.05E-19	4.15E-18
AGPAT2	0.74033846	6.147074826	3.35E-18	4.29E-17
ASPSCR1	-0.880764495	6.161679301	4.56E-25	8.43E-24
LIMS1	-0.738009701	9.078105378	3.62E-27	7.52E-26
NLGN1	-1.424591619	1.774615355	9.67E-12	7.55E-11
MUC3A	1.412747669	2.088578508	1.19E-13	1.09E-12
TM4SF1	1.961168469	6.802993576	2.09E-53	1.23E-51
IFFO2	0.873592474	5.424758357	9.70E-19	1.27E-17
TMEM154	0.974794906	3.959725809	6.67E-16	7.32E-15
TRAPPC1	0.657790905	5.766883392	1.21E-12	1.02E-11
HNRNPA3	-0.595468983	7.628121262	3.28E-13	2.90E-12
FAM161A	-1.215816874	4.442351633	2.00E-20	2.89E-19
CDK1	-0.768292542	6.412292985	3.18E-12	2.59E-11
FOS	-0.877521326	6.451807928	4.31E-14	4.10E-13
SLC30A1	-0.686084368	4.891652035	5.60E-12	4.45E-11
VSTM2A	-2.401205355	1.139282155	4.11E-19	5.55E-18
KRT86	1.605750856	3.230592607	7.84E-22	1.22E-20
NPAS2	0.796716904	5.858825446	8.72E-14	8.08E-13
TMC7	2.081348285	4.104455734	2.07E-51	1.14E-49
KCNS3	0.897959175	3.868000707	1.50E-12	1.26E-11
AKAP13	1.196392133	7.02130347	7.68E-27	1.56E-25
SDR16C5	2.095039326	3.34558523	2.48E-44	1.09E-42
MTSS1	0.882626019	5.180411786	2.29E-21	3.49E-20
PRKCDBP	1.70570657	5.267744527	1.82E-58	1.27E-56
HAS2	-1.492445589	2.829825451	1.81E-19	2.49E-18
S1PR1	3.359473005	0.187069699	1.28E-14	1.27E-13
FEZ2	0.780574824	5.567229917	8.67E-15	8.72E-14
TRIM8	0.57958211	5.649203881	8.37E-12	6.58E-11
JUNB	0.743115228	5.938135751	7.35E-19	9.74E-18
CANT1	0.646917179	6.696413704	3.71E-13	3.26E-12
KCNK3	2.242857819	1.092467119	1.10E-15	1.19E-14
ESCO2	-0.921713437	4.457462088	4.45E-13	3.88E-12
KRT19	1.263046277	9.71549562	3.92E-74	4.13E-72
KRT15	1.786364707	4.641358604	4.66E-46	2.15E-44
APLN	-1.544701058	2.272991092	1.67E-18	2.17E-17
KRT13	0.950571	6.742454204	3.11E-27	6.49E-26
CDK5R2	1.173873068	3.060109356	3.40E-15	3.54E-14
ZNF562	0.890811261	6.145179059	3.27E-27	6.80E-26
MAP6	1.739553064	3.063558678	8.79E-27	1.79E-25
BCL2L1	0.506344611	8.350927272	8.11E-15	8.18E-14
PIK3CD	1.905220865	5.055409774	1.88E-58	1.30E-56
SPSB1	1.251086618	3.640155655	2.29E-22	3.67E-21
ATF7IP	-0.753540047	6.763819447	1.59E-22	2.58E-21
LRRC34	-0.783167497	4.361694864	5.32E-12	4.25E-11
PAH	-1.670424442	2.62964995	7.17E-24	1.25E-22
COL8A2	-1.843209255	1.123292899	2.04E-13	1.84E-12
PWWP2B	1.060507078	3.554724157	4.29E-15	4.44E-14
RRM2	-0.811448911	7.35819874	8.93E-18	1.11E-16
FRMD5	1.488721842	5.467482761	2.55E-59	1.81E-57
SYNPO	1.495360375	2.857224051	3.62E-22	5.75E-21
KLF11	0.950184679	5.517534236	4.58E-25	8.45E-24
SNTB1	-0.681957031	7.519979742	2.35E-23	4.01E-22
MTBP	-1.114465617	3.632071817	9.56E-18	1.19E-16
ISG20	3.642045842	5.247526502	3.83E-216	4.23E-213
CEBPB	1.147790128	6.220215413	3.25E-40	1.21E-38
CERS6	-1.505056629	7.914864613	4.64E-93	7.48E-91
SPTLC3	-2.241727891	2.658404188	4.69E-40	1.72E-38
IL16	-1.786656211	4.944955604	4.80E-54	2.87E-52
GNB2	0.593658418	7.934887921	8.76E-17	1.03E-15
GTPBP2	0.981693601	6.436304314	7.37E-33	1.97E-31
MANEA	-1.116222711	4.188466363	1.27E-21	1.97E-20
C2orf54	1.47694012	5.671467146	1.25E-64	1.05E-62
CORO1B	0.783521905	6.432586415	4.85E-17	5.78E-16
SP3	-0.556396315	7.122577518	3.48E-15	3.62E-14
DHCR7	0.877198425	7.030717078	3.67E-31	9.20E-30
MYEOV	1.443634706	6.921382435	9.92E-82	1.25E-79
MYD88	1.098934379	5.40600763	7.66E-30	1.79E-28
RELA	1.010790428	6.530556042	9.90E-30	2.30E-28
RAPH1	0.964687663	7.176563897	2.33E-24	4.17E-23
ABLIM3	3.325749931	2.753236456	2.17E-42	8.77E-41
SYT12	-2.412396022	1.537583212	1.19E-23	2.05E-22
TRIB1	0.607241968	7.750123007	3.39E-18	4.34E-17
SAA1	1.056050573	3.75941204	2.86E-15	3.00E-14
PPP1R14B	1.136368127	5.712335351	1.43E-30	3.47E-29
SMARCC1	-0.537259779	8.228901382	3.02E-14	2.90E-13
FKBP2	0.692934456	4.834721995	4.41E-12	3.55E-11
ZNF622	0.648049801	5.461248121	3.51E-11	2.61E-10
NABP1	1.649956353	7.168236425	1.42E-89	2.17E-87
SCAI	-0.767460675	4.942557424	3.87E-12	3.14E-11
LRFN4	0.911311303	5.79614383	3.08E-14	2.96E-13
CNP	-0.587458907	6.0307163	4.93E-12	3.94E-11
PLK3	1.975573332	4.537829101	3.08E-40	1.15E-38
NET1	0.597378071	8.177869123	1.04E-14	1.04E-13
C1QTNF1	1.695920941	4.600116298	4.57E-52	2.57E-50
PHLDA3	0.851068933	6.049475592	9.45E-23	1.55E-21
SLC16A13	1.028672099	3.100274544	9.80E-13	8.34E-12
EXO1	-1.594358382	4.293293242	1.16E-42	4.77E-41
ZWILCH	-0.738144609	5.37741155	4.97E-13	4.32E-12
KIAA1551	0.782268642	6.332477346	9.27E-22	1.44E-20
NR1D2	-0.671971869	5.66959133	1.08E-14	1.08E-13
YIF1A	0.732594393	5.631951698	9.92E-13	8.43E-12
KLC2	1.236130037	5.534618658	3.51E-29	7.96E-28
UBE2C	0.940587185	6.860953576	2.66E-24	4.74E-23
PSMD2	0.656070786	8.329619806	2.62E-24	4.68E-23
FAM131A	0.993832598	4.819045814	5.05E-23	8.42E-22
CHST1	2.154874419	2.067155143	4.65E-22	7.33E-21
CCNE2	-1.947014771	3.443987634	3.13E-44	1.36E-42
ZNF519	-1.350323176	3.698418091	4.18E-24	7.37E-23
CLTB	0.721327788	6.043355187	4.26E-18	5.41E-17
PCSK1	-1.304532739	6.049877621	2.41E-53	1.42E-51
CCDC14	-0.789025904	6.209314817	2.74E-12	2.24E-11
TBC1D10C	-1.760927459	1.457706633	5.80E-14	5.45E-13
MCTP1	-0.932421826	6.070600995	1.41E-25	2.68E-24
CLCF1	1.324392662	3.267617596	1.70E-20	2.47E-19
KCNE3	-2.164848745	1.438582337	2.46E-18	3.17E-17
DRAP1	1.751042512	7.935672566	2.40E-89	3.63E-87
LONRF3	0.802115647	4.568770807	8.39E-11	6.04E-10
FOSL1	2.675565138	8.426539552	2.18E-226	2.85E-223
RMI2	-1.187216823	4.573016337	4.62E-24	8.14E-23
SFN	1.780695045	7.668254417	5.50E-82	6.98E-80
ETV4	-0.745102909	7.491467369	2.35E-23	4.01E-22
BAIAP2	1.195718315	5.791845327	3.41E-35	1.00E-33
UNC119B	-0.633525513	6.123027879	1.19E-13	1.09E-12
TUBB6	0.963904371	6.806373522	4.28E-36	1.31E-34
NUPR1	-2.852127663	1.282772526	2.73E-23	4.62E-22
AIM1L	1.611507997	5.048452104	2.02E-51	1.11E-49
DLEU1	-0.894044829	3.472262533	2.20E-11	1.67E-10
SPHK1	1.879761967	3.303082467	4.80E-39	1.66E-37
ATAD5	-1.724920346	5.415886965	2.24E-52	1.28E-50
PHLDB3	0.929372377	4.194878316	1.31E-16	1.51E-15
GNG7	-1.959144909	1.511847302	5.20E-17	6.18E-16
B3GNT5	1.742453321	5.694272345	1.24E-60	9.17E-59
FOXL1	1.580462052	3.48039493	1.43E-29	3.29E-28
BDNF	-2.045845425	3.683897248	2.53E-52	1.45E-50
TYMS	-1.283187755	5.997281443	4.01E-42	1.60E-40
GCNT4	2.462734218	0.649498206	1.10E-12	9.30E-12
SHMT1	-0.961032855	5.633497552	2.23E-29	5.09E-28
TMEM80	-1.339889022	3.729583624	1.00E-23	1.73E-22
POLE	-0.892523403	5.888743547	4.53E-11	3.34E-10
RHOG	0.931559241	4.552207101	6.43E-17	7.57E-16
KCNA2	2.122125791	1.14643655	1.16E-15	1.26E-14
PTRF	0.559538551	7.399472036	1.80E-12	1.49E-11
ZBED2	2.382119882	6.741429677	1.64E-190	1.07E-187
SLC25A22	0.952045778	5.336250893	1.72E-20	2.50E-19
JUN	1.776496461	6.568757132	4.15E-77	4.80E-75
PGBD5	0.930224047	3.915954089	3.09E-15	3.23E-14
CD151	0.66234367	6.729957436	1.89E-15	2.01E-14
FLII	0.847118221	8.732049284	7.41E-26	1.43E-24
KCNJ10	-2.590077689	2.329166995	3.35E-41	1.30E-39
ARL6IP6	-1.005719094	5.100036142	2.76E-17	3.33E-16
ALS2CL	1.469556643	6.397351537	4.95E-31	1.23E-29
STAP2	1.262895829	4.934686672	2.33E-38	7.73E-37
KDELC2	-0.972524739	5.796718737	5.17E-28	1.11E-26
PLEC	1.061648821	10.73084776	4.84E-17	5.77E-16
CA8	-1.630011166	2.038647932	1.22E-16	1.41E-15
ERN1	-0.752922349	5.634553714	3.80E-17	4.56E-16
SUZ12	-0.533446425	7.131196036	2.97E-14	2.85E-13
GRINA	1.100646375	6.53286018	2.86E-24	5.07E-23
TMEM139	-0.741341426	5.454399737	1.95E-15	2.06E-14
GAK	0.718045091	6.56578455	2.34E-14	2.28E-13
ZBTB7A	0.706220788	7.108402657	9.62E-19	1.26E-17
RMI1	-1.213256952	5.122654618	6.73E-22	1.05E-20
TMTC2	0.863388907	4.443127971	7.63E-12	6.02E-11
SAMD4B	0.972592138	7.417434058	2.50E-34	7.13E-33
ALOXE3	1.743234518	4.66495588	9.13E-55	5.60E-53
ZNF664	-0.446126868	8.104372768	4.53E-11	3.34E-10
GATA2	-0.772253086	5.634675725	2.69E-14	2.60E-13
ARID3B	1.130250558	3.729825427	6.22E-18	7.83E-17
ALOX12B	1.412278519	3.794771186	1.44E-26	2.87E-25
GRM8	-2.220402093	1.032168846	3.46E-16	3.87E-15
CDC42EP4	0.837981323	4.843533779	6.09E-18	7.67E-17
LACC1	1.267405032	5.737103996	2.11E-49	1.08E-47
ARL14	3.496214082	0.117974318	7.42E-14	6.95E-13
APOBEC3B	1.54986954	5.89230186	5.43E-35	1.58E-33
PCBP1-AS1	-0.828752023	4.760941316	2.90E-17	3.49E-16
MYADM	1.142474607	7.271440084	8.07E-48	3.99E-46
SERTAD2	1.103614475	6.313565519	3.21E-45	1.45E-43
NA	-0.896080441	4.290235281	5.42E-15	5.55E-14
CITED4	1.702658761	1.634293306	9.10E-15	9.15E-14
NLRP11	-1.115201009	3.143017624	7.53E-16	8.23E-15
B3GNT3	1.849950704	5.255466683	2.97E-74	3.16E-72
PPP1R14BP3	1.030609989	3.976998684	9.77E-17	1.14E-15
FGD6	1.449666622	6.031435141	6.04E-53	3.54E-51
EMC3-AS1	-1.24855948	2.566982038	1.55E-14	1.52E-13
GPR157	0.953925117	4.360088317	5.28E-15	5.43E-14
ZDHHC20	-0.969785857	8.44716431	1.84E-27	3.87E-26
OXTR	3.649008076	2.005178678	1.11E-52	6.41E-51
AEN	1.243827796	6.366767852	9.79E-47	4.60E-45
TMEM102	0.96036159	3.92239874	1.72E-15	1.83E-14
HEPHL1	1.438760989	6.33786623	1.44E-30	3.50E-29
DDX60L	3.089143002	2.140212259	2.18E-41	8.49E-40
RAP2B	0.661445161	6.106857208	4.09E-14	3.90E-13
FANCB	-1.63162504	3.429891845	8.86E-31	2.18E-29
C6orf223	1.240148263	3.719671838	5.77E-19	7.70E-18
ATG9B	4.011009866	2.735129623	1.47E-73	1.54E-71
SLC35C1	0.923914078	5.403668547	3.46E-22	5.51E-21
RTKN2	-0.831541616	4.523033923	2.22E-15	2.34E-14
ERCC6L2	-0.839833246	5.960602675	4.15E-18	5.28E-17
NXPH4	-1.179055396	3.713013362	1.68E-21	2.59E-20
TEX19	-2.097256089	0.676646718	7.32E-12	5.79E-11
CSF1R	3.003849895	1.409103529	6.96E-25	1.27E-23
PLCB1	-1.929964319	1.153747947	1.11E-13	1.02E-12
TTC3	-0.747874195	8.129497595	5.15E-20	7.31E-19
ANXA2	1.367694077	10.75343743	6.41E-27	1.31E-25
C1orf116	1.102888602	7.389377037	1.81E-48	9.09E-47
GALNT9	2.134995491	1.215304864	8.12E-15	8.18E-14
WFDC10B	3.639505378	0.011532594	2.23E-13	2.00E-12
SPNS2	1.188138518	4.877830156	6.53E-25	1.20E-23
ABAT	2.817483895	3.808890579	3.26E-77	3.80E-75
GAS6	0.702413595	6.323725809	4.61E-15	4.75E-14
RIPPLY3	-1.58193811	1.372484171	1.27E-11	9.79E-11
ZNRF3	-0.518625717	6.698230738	3.92E-11	2.90E-10
FAM101B	-0.92989088	5.185818332	3.19E-23	5.37E-22
UPP1	3.086032664	7.777354781	1.08E-183	6.45E-181
LHFP	0.82662898	5.118072228	1.22E-17	1.50E-16
ASCL2	-1.539389653	4.272069827	9.04E-38	2.95E-36
NA	2.484412561	4.300037279	2.09E-79	2.55E-77
CHEK2	-1.074876246	3.336623195	2.86E-14	2.76E-13
B3GALT5	0.750917592	5.739152237	6.07E-11	4.41E-10
LIN9	-0.986987549	3.862057465	9.71E-15	9.73E-14
GPR39	4.518610356	1.029165787	1.08E-31	2.79E-30
SCN5A	-1.116830986	7.101271444	1.27E-34	3.65E-33
SMTN	0.74034343	5.570017558	2.66E-11	2.00E-10
ACTG1	0.859345016	11.41609241	2.85E-27	5.96E-26
DENND5A	0.794253661	6.254797064	1.30E-20	1.91E-19
NIPSNAP1	-0.614565448	5.172708681	1.41E-11	1.09E-10
ALDH1A3	-0.628627612	9.402744193	5.61E-22	8.81E-21
TACSTD2	1.384603996	7.15231279	2.09E-49	1.08E-47
HIST1H1B	-2.726213241	0.921138591	8.24E-12	6.48E-11
PKP3	0.792613913	6.390349894	1.58E-15	1.69E-14
CSF1	3.489534547	2.725989059	2.28E-74	2.44E-72
MAML2	-0.855270035	5.956472397	1.67E-21	2.59E-20
KNTC1	-1.352951971	6.164701357	3.15E-37	1.01E-35
BPIFC	4.739876838	-0.118120216	5.22E-16	5.76E-15
TMEM255B	1.834110834	3.792768425	2.47E-44	1.09E-42
LPAR5	1.694724157	3.191962878	7.07E-27	1.44E-25
NELL2	-1.511941527	8.502200385	1.42E-102	2.65E-100
SMIM10	-0.696776941	4.777022862	2.36E-12	1.95E-11
OSBP2	1.168135269	3.759257014	1.88E-20	2.73E-19
H1FX	0.611817817	6.738987108	2.63E-13	2.35E-12
FMNL1	1.872282451	7.218468625	3.30E-118	7.28E-116
BRI3BP	-0.710910621	5.752389018	8.59E-16	9.36E-15
MAFF	1.291371343	5.438500379	3.08E-43	1.29E-41
SEMA4B	1.129996612	4.414713098	3.08E-24	5.46E-23
CIB1	0.739627526	5.177758844	1.32E-15	1.42E-14
TNFAIP2	2.487075865	7.415873137	1.33E-133	3.82E-131
NOTUM	-1.644976187	6.007848274	6.38E-50	3.39E-48
HGS	0.90372314	7.147462098	6.21E-26	1.21E-24
PARPBP	-1.415973858	4.205195743	3.23E-30	7.72E-29
AHNAK2	2.449256009	9.176345654	1.63E-125	4.04E-123
OLFML2A	1.289065373	3.846698459	2.76E-21	4.16E-20
ZFP36L1	1.653618189	10.34887711	3.94E-123	9.27E-121
IFITM1	-1.80543091	1.998582118	6.72E-20	9.46E-19
PTCH1	-1.197919282	7.089275146	5.63E-28	1.21E-26
CALHM1	-2.221357486	0.892974702	4.85E-13	4.21E-12
ZNF267	1.106408311	4.696903818	3.30E-20	4.73E-19
PIP5K1C	0.833633419	5.500562446	1.48E-11	1.14E-10
BCL9L	1.045454701	9.027328637	1.95E-23	3.34E-22
BACE1	-0.681984273	4.788205661	4.14E-12	3.34E-11
ANKRD37	-1.902573285	3.730766716	2.63E-44	1.15E-42
INSIG1	1.26936065	7.195172297	2.43E-38	8.07E-37
ARHGAP30	2.732473764	0.471771681	2.17E-12	1.80E-11
C6orf1	1.416438174	4.104930974	4.91E-30	1.16E-28
UBE2H	1.560184308	7.625808309	4.52E-107	8.88E-105
ARAP1	0.859003451	6.906390928	1.22E-19	1.70E-18
KIF24	-1.176488431	3.820419823	2.99E-15	3.13E-14
PDE2A	2.192362716	3.603947303	3.88E-35	1.14E-33
LYRM7	-0.83579999	5.705904825	6.55E-22	1.03E-20
BCR	0.652192554	5.19705276	1.57E-12	1.31E-11
SPIN4	-0.856549603	5.213733078	5.48E-17	6.49E-16
ERCC6L	-0.881485911	4.700478212	9.35E-16	1.02E-14
PTRH1	1.299776649	3.779283071	5.37E-23	8.93E-22
SLIT1	-0.940352284	5.627038977	5.45E-19	7.28E-18
GCNT1	-0.855151324	4.623418687	2.65E-16	2.99E-15
FNBP1	0.930225375	6.365632289	7.97E-30	1.86E-28
FPR3	-1.787304448	1.531877408	2.48E-15	2.61E-14
PLEKHN1	1.497723372	3.900673185	2.34E-27	4.90E-26
ISG15	1.417052649	4.306817585	2.31E-36	7.16E-35
TRPV2	1.00715279	5.832284956	6.81E-30	1.60E-28
THSD4	2.130929484	4.720043258	7.19E-48	3.57E-46
FANCA	-1.154063782	4.216323262	9.91E-24	1.72E-22
FANCM	-1.179367952	3.74921318	2.38E-21	3.62E-20
PEAR1	1.027928206	3.572884356	2.87E-14	2.77E-13
S100A3	1.086453414	3.731804771	9.97E-15	9.97E-14
ARL4C	0.797855956	8.298142307	2.33E-33	6.36E-32
WNT7B	1.62128178	1.321178952	2.30E-11	1.74E-10
NA	-0.72636954	6.76201984	2.38E-12	1.96E-11
CENPP	-1.211747903	2.753190788	6.95E-14	6.51E-13
FAM83G	0.781618945	6.45504397	8.25E-20	1.16E-18
SRSF10	-0.976484561	7.580770884	3.97E-41	1.53E-39
C15orf52	0.871389877	6.198194755	7.21E-13	6.20E-12
S100A16	1.443027362	7.210312488	1.47E-64	1.22E-62
PARVB	0.584880031	6.266584205	4.88E-12	3.91E-11
GJB3	2.808501666	6.57413562	3.04E-216	3.63E-213
DHFRP1	-1.64458292	1.969497814	4.29E-16	4.75E-15
FAM111B	-1.299397383	5.891059794	1.91E-39	6.75E-38
CLDN4	1.548568918	8.12669331	1.28E-55	8.04E-54
MAOA	2.540883778	2.444173893	1.43E-38	4.80E-37
LIN54	-0.900914812	5.181609521	1.55E-21	2.40E-20
NEMP2	-1.068377032	3.470121367	2.23E-15	2.35E-14
HMGB1	-0.743014243	7.718029061	1.33E-28	2.94E-27
SH2D5	1.007389836	4.446914694	2.89E-16	3.25E-15
GJB4	2.3568437	2.501915203	1.39E-33	3.82E-32
ZNF724P	-1.266138166	2.52760175	8.72E-14	8.08E-13
TDRD7	0.841102956	5.337768456	8.62E-13	7.39E-12
ACADSB	-0.862117984	4.51190968	8.86E-14	8.20E-13
STK40	0.851206359	6.319669269	1.00E-23	1.73E-22
GREB1	-1.77420377	1.394349098	5.71E-14	5.38E-13
ZBTB44	-0.802499798	6.957185378	1.53E-20	2.23E-19
CD55	1.198057236	5.264946742	3.18E-17	3.83E-16
RFX8	2.204950512	2.977143922	1.80E-40	6.77E-39
XRCC2	-1.933565743	4.825446194	4.22E-66	3.71E-64
MYO6	0.636839256	6.400673173	1.51E-13	1.37E-12
HSH2D	1.034253665	2.866984919	2.68E-11	2.01E-10
S100A2	2.004870595	6.435139894	1.04E-49	5.45E-48
LAMB3	2.328713482	7.888017303	6.53E-175	3.23E-172
PDLIM7	1.336625087	6.387213336	1.70E-47	8.29E-46
FLNA	1.358484953	11.75658483	5.51E-46	2.53E-44
SRGAP1	0.836943	5.68754249	1.35E-12	1.13E-11
SLC39A10	0.972913975	6.376935853	2.14E-23	3.65E-22
WDR45	1.017105525	5.609698872	1.71E-32	4.52E-31
METTL9	-0.85465739	8.331628934	4.41E-15	4.56E-14
SIGLEC15	1.815096122	2.73904948	1.08E-30	2.63E-29
MAFG	0.576797065	7.069326377	2.22E-12	1.83E-11
ACSL5	2.36342261	3.669911618	3.66E-52	2.07E-50
CYSRT1	2.183844578	2.832675921	1.34E-31	3.43E-30
SLC22A4	1.810422934	2.710058194	1.24E-26	2.47E-25
SERPINA1	2.655991287	4.540705458	1.12E-67	1.02E-65
KANK2	-1.243805768	4.895471668	3.18E-25	5.94E-24
ZNF165	0.805343284	4.454468605	9.24E-13	7.91E-12
BLM	-1.088642355	5.110262948	5.14E-29	1.15E-27
SVIL	1.530171545	5.737358027	1.45E-49	7.48E-48
LRP10	1.061535829	6.901163343	6.93E-40	2.49E-38
VEPH1	-2.419455447	3.191961229	2.67E-56	1.72E-54
STMN3	0.857778517	7.424186395	4.32E-29	9.71E-28
PDGFA	-0.640495026	7.599742525	2.71E-12	2.22E-11
SLC2A10	-1.048974212	3.103137117	3.19E-13	2.83E-12
CDC42SE1	0.948258713	6.260464323	1.78E-24	3.21E-23
S100A10	1.311379574	8.662185898	5.66E-27	1.16E-25
TAF13	0.815185372	4.587301116	1.30E-12	1.10E-11
FAM49A	1.383759433	3.724798943	2.46E-21	3.73E-20
S100A6	1.432986183	8.555045206	9.78E-20	1.36E-18
PRIM1	-1.43053222	5.41203298	3.16E-33	8.60E-32
TOR4A	0.92653841	5.248453092	2.62E-21	3.97E-20
HIBCH	-0.690428963	4.898569986	6.73E-11	4.88E-10
HMGN5	-2.156460984	2.337421337	1.95E-30	4.68E-29
TFDP1	-0.502064207	7.101582518	1.39E-11	1.07E-10
RPS6KL1	1.443067914	3.743785298	4.62E-25	8.51E-24
PIM3	1.116107282	5.208400213	2.33E-30	5.59E-29
ASPH	0.964572775	8.811552156	1.95E-40	7.30E-39
ITSN2	0.645210291	7.841051012	7.32E-18	9.17E-17
MT1F	1.271796995	2.197437494	3.45E-12	2.80E-11
TXNRD1	1.311717735	9.178472326	8.59E-45	3.83E-43
NBR2	-0.961942788	3.829521369	5.65E-14	5.33E-13
MAFK	1.09481237	6.177545499	7.10E-31	1.75E-29
WDHD1	-1.279120881	5.41599922	4.00E-42	1.60E-40
ZNF789	-0.693516938	4.806142487	1.67E-12	1.40E-11
CTNND1	0.544963241	8.520615803	1.89E-15	2.00E-14
ARC	1.614191703	1.901990249	1.67E-13	1.51E-12
STK39	0.627110703	6.348095001	1.13E-11	8.74E-11
IPO9	-0.509643448	6.770887196	4.93E-11	3.62E-10
SMURF1	0.921918521	6.454745889	1.85E-27	3.90E-26
SLC5A3	-0.942729955	8.377350525	3.34E-34	9.48E-33
TMEM184B	0.779489764	5.880523112	1.61E-19	2.23E-18
GK	1.307791075	2.588170763	7.64E-15	7.73E-14
UBE2J1	-0.655812089	7.405517337	9.23E-15	9.27E-14
MT-ND3	0.699824314	10.92715737	4.29E-13	3.75E-12
RUSC2	0.790153726	4.290961138	1.13E-12	9.58E-12
R3HDM4	0.599868831	5.733358753	4.81E-13	4.18E-12
GRK5	1.623760029	3.022294606	2.02E-24	3.64E-23
L1CAM	1.302478717	8.851541197	6.77E-53	3.93E-51
SREBF2	0.535588482	7.489305783	2.89E-11	2.16E-10
DCLRE1A	-0.941322892	4.830848175	2.72E-20	3.91E-19
TGM2	0.87124086	10.65599649	1.68E-30	4.06E-29
PJA2	0.527000772	7.37068432	8.27E-14	7.70E-13
INF2	1.024021977	8.043214157	1.70E-30	4.10E-29
GDI1	0.801992899	6.689208274	1.60E-18	2.08E-17
PCMTD2	-0.680916742	5.656077265	2.48E-13	2.22E-12
SP5	-1.109605122	5.241908763	1.45E-32	3.83E-31
HLA-C	1.163541571	3.774966759	9.90E-20	1.38E-18
TBC1D8	1.673735044	6.248499329	8.22E-72	8.19E-70
TCTN1	-0.967363336	3.206284114	4.81E-11	3.54E-10
FAM216A	-0.786092711	4.147808048	9.26E-12	7.24E-11
IGFL4	-0.918699932	3.564545777	1.41E-11	1.09E-10
KRT81	3.09124739	5.432601435	5.63E-127	1.44E-124
TMSB4X	0.818114026	6.027170273	2.15E-14	2.10E-13
MFSD2B	1.413654711	6.103581064	7.31E-50	3.86E-48
ITPRIPL2	0.736502248	6.789290787	1.07E-16	1.25E-15
HLA-B	1.542556563	1.842361874	3.85E-13	3.38E-12
MIR221	3.697900944	1.001271519	9.73E-25	1.77E-23
SLC48A1	-0.59956117	7.207495555	4.78E-14	4.53E-13
MT-ND4L	0.830985206	10.95016411	1.05E-12	8.92E-12
ZNF611	0.95564775	4.852755746	3.84E-11	2.85E-10
KLHL23	-0.650927922	6.06329086	1.99E-16	2.27E-15
TRIM59	-0.721568463	4.671239267	9.46E-13	8.08E-12
YWHAZP2	0.999878186	3.468854965	2.57E-12	2.11E-11
FIRRE	-1.147086543	2.281164132	4.64E-11	3.41E-10
LBH	1.683081894	6.958808557	3.10E-64	2.56E-62
ZNF337-AS1	-1.225500839	2.912557451	8.19E-16	8.93E-15
ACTBP2	0.88245497	5.60981244	3.23E-22	5.15E-21
NA	1.302687093	3.507988059	2.11E-21	3.24E-20
EMP2	-0.608363602	6.000938081	2.93E-12	2.40E-11
CSNK1E	1.010831988	7.387267998	2.98E-31	7.56E-30
ITGA1	0.793946212	9.679859503	5.06E-25	9.30E-24
TAX1BP3	1.449945918	2.941352881	1.20E-20	1.75E-19
NA	-2.19222481	4.397985101	4.65E-35	1.36E-33
NA	-0.849349809	4.024543412	4.29E-12	3.45E-11
NEURL1B	-1.182311722	2.901006959	2.92E-14	2.81E-13
PPME1	-0.615268302	6.625642282	1.12E-16	1.30E-15
STARD10	1.672822624	4.412232662	2.21E-50	1.18E-48
EML6	-1.123698223	3.376949169	5.73E-14	5.40E-13
NA	-1.479074213	1.688963401	3.18E-12	2.59E-11
DDX12P	-1.085375092	2.997424155	1.79E-12	1.49E-11
CYB5RL	-1.350376711	2.702681156	5.57E-17	6.60E-16
NA	-2.280251412	2.391097598	7.04E-36	2.14E-34
NA	1.305585968	4.746345558	2.17E-22	3.48E-21
ZSCAN12P1	1.053340652	3.130227153	1.56E-11	1.19E-10
FANCG	-0.660384442	5.197757593	1.42E-13	1.29E-12
CEBPD	-0.984384868	4.325359181	2.99E-16	3.36E-15
ZBED8	-1.052652147	3.272175234	3.60E-13	3.16E-12
APOL6	1.239703502	6.580530792	9.11E-39	3.07E-37
FADS3	0.797445061	5.913731435	4.21E-16	4.66E-15
BTBD19	2.375986197	3.148895694	2.29E-48	1.15E-46
LINC01124	-1.601749791	2.919621462	1.43E-25	2.73E-24
CPTP	0.728098478	4.55781019	1.99E-12	1.65E-11
ZMIZ1-AS1	2.300081398	1.006850585	1.41E-13	1.29E-12
NA	1.68689285	2.989426263	8.71E-26	1.67E-24
FAM195B	0.87813741	4.530686409	3.69E-16	4.10E-15
DBH-AS1	-2.048249379	1.520365192	2.93E-19	4.00E-18
NA	-2.267739658	2.310195272	1.34E-33	3.71E-32
NA	2.188411854	5.758512775	7.27E-12	5.75E-11
ERVMER34-1	-1.63057824	6.172205971	1.08E-81	1.35E-79
DANCR	-0.846865458	5.815003748	7.46E-18	9.34E-17
C14orf132	-1.048034941	5.079598712	4.00E-29	9.01E-28
HOTAIR	-0.841275527	4.16856758	1.41E-13	1.29E-12
DHFR	-1.73903638	3.587983406	5.13E-40	1.87E-38
LINC01204	3.768543236	-0.042786959	3.08E-12	2.51E-11
NAMPTP1	1.277026431	6.158082911	4.11E-33	1.11E-31
NA	-0.687783623	6.06409365	1.03E-14	1.03E-13
PROX1-AS1	-1.973765592	2.005502186	7.19E-23	1.19E-21
APCDD1L-AS1	7.407310723	1.557768821	1.95E-52	1.12E-50
PIK3CD-AS2	-1.455214703	1.544877202	5.47E-11	4.00E-10
HLA-B	1.377291901	4.409611434	7.04E-34	1.97E-32
FTH1P7	1.369381531	2.547337334	1.06E-14	1.05E-13
NA	-1.254568092	2.302368088	2.85E-13	2.53E-12
NA	1.436294831	2.493942693	2.67E-16	3.01E-15
LINC00460	1.786119962	1.913098212	1.03E-16	1.20E-15
LINC01137	1.509135419	2.194924763	5.82E-15	5.95E-14
SLC26A4-AS1	1.228593469	4.759536887	1.07E-29	2.47E-28
ZNF37BP	-0.889063207	4.925305991	6.31E-13	5.44E-12
ZNF736	-1.045251669	4.364414509	2.22E-21	3.39E-20
RPL13AP20	1.698525355	1.542440145	1.69E-12	1.41E-11
JRK	-0.753471632	4.491793183	2.16E-11	1.63E-10
HLA-B	1.249046234	5.227128282	1.37E-33	3.76E-32
NA	2.370607689	0.879606197	1.04E-14	1.03E-13
ID2-AS1	-2.457848297	1.849836326	5.88E-27	1.21E-25
PPP1R3E	-1.152917554	4.172162935	7.89E-11	5.70E-10
ITGA9-AS1	-2.276566333	1.77435226	2.05E-24	3.68E-23
KIAA0040	1.129890314	5.259594048	3.59E-29	8.12E-28
LINC00941	0.981269364	3.243083011	1.81E-11	1.38E-10
NA	5.213761099	1.965368921	9.30E-47	4.39E-45
HMGA1P1	1.454398237	2.797966685	3.38E-19	4.59E-18
ARHGEF38	0.659373198	5.105481174	6.36E-12	5.04E-11
RNF223	2.68183911	2.678608099	9.19E-48	4.50E-46
NA	2.917369978	0.769236397	3.10E-17	3.73E-16
MTCO1P12	0.679178637	5.360275528	1.79E-11	1.37E-10
GOLGA2P5	-1.060035545	3.818001782	3.49E-16	3.89E-15
NA	1.600782665	3.086644001	2.45E-14	2.38E-13
APOBEC3G	1.222492336	6.955581521	6.94E-24	1.21E-22
RN7SL368P	3.284364713	0.983049627	4.68E-21	7.01E-20
TDGF1	-2.069932976	2.643051358	1.29E-34	3.71E-33
CD302	-1.034423167	3.455487998	1.64E-13	1.48E-12
PISD	0.742882118	4.660171659	4.54E-13	3.96E-12
NA	2.138610787	2.334705941	6.93E-26	1.34E-24
EIF6	0.686082934	6.527890932	2.25E-11	1.70E-10
ARPIN	-0.784726443	4.848493105	2.87E-14	2.77E-13
AP5Z1	0.995039612	5.564799974	8.77E-18	1.09E-16
PALM2	1.478579028	3.346360883	1.25E-24	2.27E-23
RPLP0P2	1.481062344	2.52951928	1.05E-15	1.14E-14
GATA2-AS1	-0.930808959	3.3614029	7.42E-12	5.87E-11
APOBEC3C	1.140565182	7.78354479	4.43E-41	1.70E-39
RAD21L1	-2.628348487	0.642516196	2.17E-15	2.29E-14
DDX11-AS1	-1.579585533	1.501855788	2.03E-12	1.68E-11
SNHG10	-1.008766907	3.582003495	4.98E-14	4.71E-13
TWF2	0.801891608	4.995557549	2.10E-17	2.55E-16
NA	3.955989479	0.423062961	5.74E-14	5.40E-13
LUCAT1	1.192173866	3.630650736	3.07E-15	3.22E-14
HMGA1P2	1.427432644	3.90224551	1.67E-29	3.84E-28
HAUS5	-1.017535237	4.937974382	1.98E-20	2.86E-19
NOP14-AS1	1.011403418	3.54252702	1.45E-13	1.32E-12
NA	-1.121826005	2.898299207	2.24E-12	1.85E-11
TMEM158	1.168691612	2.700146652	9.67E-13	8.24E-12
KIAA1456	-3.346319822	1.219994366	3.58E-31	9.01E-30
NA	-1.527744629	1.620453425	4.31E-13	3.77E-12
MSNP1	0.865094029	4.841166386	1.39E-15	1.49E-14
CCDC71L	1.641096536	5.289145466	3.09E-52	1.76E-50
MIR3142HG	4.03157165	1.328160163	1.44E-38	4.80E-37
TAGLN2P1	1.11026358	2.775313058	2.63E-11	1.97E-10
UBE2HP1	1.825846792	1.317078905	1.07E-12	9.05E-12
PRKDC	-0.71590477	9.559500868	6.51E-13	5.60E-12
CD8BP	-1.636604024	1.194780794	9.30E-12	7.27E-11
MEX3A	-0.705144835	5.515396368	5.30E-15	5.44E-14
EID3	2.188503422	0.837659512	2.95E-11	2.20E-10
SNHG1	-0.630941183	6.36447818	2.14E-12	1.77E-11
AGAP2-AS1	0.891096034	3.573915114	4.51E-11	3.33E-10
LINC00346	2.027555102	1.436186263	8.12E-16	8.86E-15
NA	2.532825809	0.955233377	5.43E-16	5.98E-15
NA	-1.709168081	2.507436965	9.48E-24	1.65E-22
NA	2.553946505	1.973295147	4.10E-28	8.81E-27
RARSP1	-2.042686642	3.215224608	2.32E-39	8.12E-38
DIO3OS	1.630873799	2.520214883	3.62E-21	5.44E-20
LINC00520	3.636148585	1.492012666	6.57E-32	1.70E-30
JHDM1D-AS1	-1.158131993	4.101914271	2.46E-25	4.62E-24
NA	-1.209052165	2.705679412	1.88E-12	1.56E-11
NA	-1.224281367	4.74786977	6.68E-36	2.04E-34
PAN3-AS1	-1.663658173	1.329566358	2.38E-11	1.79E-10
NA	-1.888011877	6.146399257	9.81E-68	9.02E-66
NA	-1.190873898	2.184122667	8.15E-11	5.87E-10
IKBKE	1.266517722	4.628048103	1.81E-25	3.43E-24
ZNF488	-1.752071175	1.382185471	2.50E-13	2.24E-12
NA	1.451428519	5.181357292	1.70E-19	2.35E-18
NA	-1.479202987	2.544177313	5.19E-19	6.96E-18
NA	-1.104455841	2.858209504	1.83E-12	1.52E-11
NA	1.477000341	4.067278988	1.59E-31	4.05E-30
LINC00868	-1.880673922	3.622879435	2.44E-48	1.22E-46
HMGB2P1	2.450944576	0.792915543	1.41E-14	1.39E-13
EML2-AS1	1.298868133	2.29764946	4.06E-13	3.56E-12
NA	-1.696016667	1.922490794	2.32E-17	2.81E-16
NA	1.947208799	5.481054394	3.37E-40	1.25E-38
MIR222HG	2.398255954	4.731976314	5.68E-56	3.60E-54
NA	3.448851444	3.296322523	5.34E-82	6.84E-80
RASL10B	-1.047928988	4.619738096	3.19E-23	5.38E-22
NA	-1.331575585	2.107342644	1.86E-11	1.41E-10
NUDT3	-0.63712694	7.516302844	7.06E-15	7.15E-14
NA	-1.375433189	4.683972586	1.77E-36	5.50E-35
NA	-1.697939343	2.60534441	1.73E-19	2.38E-18
NA	2.902489286	0.328590063	5.44E-13	4.72E-12
NA	-0.884418206	3.384707545	4.23E-11	3.13E-10
NA	-2.677791981	0.661626528	1.59E-15	1.70E-14
UHRF1	-1.38085734	4.527653325	1.60E-22	2.58E-21
DACH1	-2.769620708	1.644755705	6.39E-31	1.58E-29
NA	-1.866051696	2.095017447	1.08E-21	1.68E-20
NA	-0.60633367	7.55094617	2.82E-16	3.18E-15
NA	3.287113016	2.154041215	1.64E-43	6.95E-42
NA	-2.158095136	2.560771517	1.48E-11	1.13E-10
NA	-1.574783049	3.059271215	7.08E-26	1.37E-24
NA	-1.272984627	2.936005823	2.27E-11	1.71E-10
HELLPAR	-1.796100041	2.259690453	2.02E-11	1.54E-10
SNHG4	-0.739523231	4.379488455	2.27E-11	1.71E-10
