Symbol	logFC	logCPM	PValue	FDR
STPG1	1.307863978	3.712484781	1.88E-18	3.66E-17
ENPP4	-0.653880528	4.948295728	7.18E-10	5.86E-09
CYP51A1	1.620069463	2.015226425	2.99E-13	3.55E-12
MYH16	5.996708855	1.602654241	4.64E-49	4.09E-47
TMEM176A	-1.357469528	4.242357744	3.20E-27	1.11E-25
PLXND1	-0.987841236	7.162923875	3.33E-27	1.15E-25
CAMKK1	-0.740627554	5.209712367	2.11E-12	2.29E-11
ST7	0.745299292	6.074520018	1.53E-12	1.69E-11
SKAP2	0.573216083	6.643058173	1.28E-10	1.15E-09
SPPL2B	-1.549662037	6.027660678	3.93E-21	9.24E-20
FAM214B	1.142561423	2.680087286	2.39E-10	2.08E-09
BZRAP1	-1.538605206	3.515043831	3.44E-24	1.00E-22
ITGA3	1.501357567	5.406703767	1.64E-50	1.53E-48
GDE1	-0.690395993	5.460276454	1.42E-11	1.41E-10
YBX2	-1.705624688	3.841784127	2.87E-35	1.46E-33
TNFRSF12A	1.424116704	5.885969359	6.47E-44	4.74E-42
MAP3K9	0.73730302	6.169952827	8.64E-12	8.73E-11
BAIAP2L1	0.619260822	6.047543614	2.17E-11	2.11E-10
KDM7A	-1.102453854	7.954435023	6.87E-36	3.58E-34
PROM1	-0.651303198	5.091366966	1.01E-10	9.15E-10
CCDC124	0.760258162	5.357787492	2.36E-09	1.79E-08
PAX6	1.171583345	3.127101273	1.39E-12	1.54E-11
MYLIP	-1.722208484	3.35977407	1.79E-28	6.61E-27
ADAM22	-0.696513897	5.474307586	1.29E-11	1.29E-10
SPAG9	0.616632011	7.564383871	2.28E-14	3.02E-13
AASS	1.186009471	2.607454397	6.02E-10	4.97E-09
IL32	4.82630204	2.102086526	1.14E-42	8.05E-41
MLXIPL	-2.002635366	5.628920798	1.90E-63	2.81E-61
ZNF207	-0.544156336	8.079424825	1.65E-09	1.28E-08
NCAPD2	0.781127104	7.795342443	3.37E-16	5.30E-15
SEMA3G	-1.59897524	2.23951845	5.87E-15	8.23E-14
NISCH	-0.940162258	6.156661464	1.47E-09	1.15E-08
CD4	-0.970232465	3.5386224	3.37E-11	3.21E-10
HIVEP2	0.809489968	6.760515231	3.80E-14	4.90E-13
LYPLA2	0.66174325	5.533219063	2.46E-10	2.14E-09
CLCN6	0.846108796	5.503352055	9.07E-16	1.37E-14
MBTD1	-0.59459352	6.042991405	2.08E-11	2.03E-10
PLAUR	2.54752719	5.064126183	5.09E-82	1.16E-79
CEP68	-0.588934453	5.350279021	2.47E-09	1.87E-08
CD22	3.377015305	2.504284264	1.42E-43	1.03E-41
MVP	1.025965397	6.28262886	1.57E-27	5.58E-26
GPRC5A	1.615348795	8.030456429	4.14E-55	4.77E-53
CAPN1	0.869080058	7.679153864	1.89E-16	3.07E-15
DPEP1	-1.310926274	3.758097004	1.07E-22	2.83E-21
NPC1L1	2.145340655	3.027529733	1.58E-30	6.26E-29
CHDH	-1.11760841	6.440011464	8.26E-39	4.90E-37
SNAI2	1.203186514	3.383757014	2.12E-16	3.42E-15
ZFP64	1.14134941	5.148980408	4.21E-25	1.30E-23
SAMD4A	1.33125687	3.533142797	1.61E-18	3.18E-17
MRE11A	-0.511068799	6.715657068	4.69E-10	3.95E-09
PLEKHB1	-1.264379222	6.464145174	5.24E-31	2.11E-29
SERPINB1	0.694934798	6.66248396	9.43E-13	1.07E-11
RNF10	0.642150473	7.426664884	7.80E-15	1.08E-13
BIRC3	2.517203071	4.79226058	1.48E-84	3.62E-82
PLEKHO1	1.338664396	4.156962277	3.79E-27	1.31E-25
EHD2	2.828485317	1.14641597	1.39E-18	2.77E-17
TOMM34	1.343173899	7.320640905	2.11E-40	1.37E-38
VIM	2.811874709	9.642207236	9.18E-87	2.40E-84
RNASET2	-0.811810937	4.250019104	2.20E-11	2.13E-10
BTN3A1	-0.746591955	4.466212858	2.98E-10	2.55E-09
HMGB3	0.69177767	6.194566521	1.31E-11	1.31E-10
FUT8	1.419669702	6.116576412	4.73E-53	5.13E-51
GAB2	0.854633907	6.094510099	7.59E-19	1.54E-17
TMSB10	1.107543397	9.435826217	7.36E-29	2.76E-27
SH3YL1	-1.262881226	3.606091194	3.68E-18	6.98E-17
VCL	0.88570578	8.442825199	1.03E-25	3.29E-24
TIMP2	0.860953743	8.49340287	6.50E-18	1.20E-16
MRI1	-0.596579097	5.555321878	3.51E-10	2.99E-09
CLEC16A	0.886016977	5.845445362	1.40E-18	2.78E-17
CDH1	2.512965174	6.48752943	1.41E-128	8.99E-126
FAM65A	0.824410425	7.86572246	1.69E-25	5.32E-24
PQLC2	0.878234227	3.619442267	2.39E-09	1.81E-08
TNC	3.65355642	6.696416755	1.10E-195	2.69E-192
CAPG	1.278114334	5.276266081	3.18E-31	1.30E-29
CTNNA1	1.056665126	8.774210753	3.02E-26	9.96E-25
EPHA3	-0.857260639	3.781925305	1.71E-10	1.52E-09
ARAP2	0.894114691	4.735755555	3.80E-13	4.47E-12
SCML1	-1.74379649	6.329044356	7.06E-43	5.05E-41
MAP4	0.605531963	8.612780892	7.98E-12	8.09E-11
HDAC9	4.188009895	3.579252519	1.85E-103	7.55E-101
SNX29	0.831138444	5.425760624	2.31E-14	3.05E-13
TNFRSF9	5.048270555	2.048987085	1.47E-44	1.10E-42
DKK3	3.835707077	0.549968171	2.30E-18	4.45E-17
LIMA1	0.685984893	6.656674842	4.88E-10	4.09E-09
LAMC3	-1.399430637	2.225786031	6.80E-12	6.95E-11
MAPK9	-0.538533114	5.870077428	3.48E-09	2.57E-08
BCAR1	0.772458089	7.282349871	3.14E-17	5.43E-16
HOMER3	1.216982095	3.695325365	1.27E-17	2.28E-16
PIK3CB	0.628852742	6.539926392	1.97E-12	2.14E-11
RRP12	0.912317716	6.988237764	3.48E-21	8.19E-20
MSMO1	1.867647581	6.278435553	4.92E-89	1.36E-86
TTC17	-0.466750361	7.753870756	1.70E-09	1.32E-08
LAMA3	2.203913022	5.797992767	3.67E-97	1.34E-94
LY75	-1.166446074	2.813512295	4.69E-12	4.88E-11
FOXC1	1.230097692	3.239075146	4.54E-13	5.29E-12
SZRD1	0.797422156	7.525213162	7.21E-19	1.46E-17
IL17RB	-1.780033023	4.999755552	7.63E-50	6.94E-48
DCBLD2	1.833119523	9.748815771	6.93E-125	4.06E-122
LAMC2	4.199443263	6.526380732	8.88E-225	4.34E-221
RASGRF1	3.391466839	1.776647721	2.85E-32	1.26E-30
ATP2B4	2.143010575	3.762794349	4.36E-34	2.11E-32
TARBP1	-0.665602571	6.978728073	5.19E-12	5.36E-11
SLC2A3	1.04057508	5.311166774	1.47E-23	4.13E-22
RIMBP2	-1.004737216	7.312786326	8.89E-23	2.36E-21
VMP1	1.083032675	8.002335889	3.72E-10	3.15E-09
CA11	-1.978612225	2.003731867	3.26E-19	6.76E-18
AHRR	-0.771179327	6.884842669	2.18E-15	3.19E-14
GPC1	1.307401668	4.72452377	3.04E-26	1.00E-24
TSPAN32	-3.253317146	4.16145445	3.68E-101	1.42E-98
HIPK2	-0.559692364	8.848181897	1.43E-09	1.12E-08
SUGP2	-0.85485566	7.530998074	2.29E-15	3.34E-14
CNN2	0.864364789	7.217536235	8.96E-12	9.04E-11
AP3D1	0.604422918	8.05913612	2.20E-13	2.65E-12
SLC9A3R2	0.952695648	5.612544544	1.71E-16	2.79E-15
OAT	-0.960172985	7.062927774	4.94E-32	2.14E-30
ERBB3	-0.559778599	8.478590746	2.57E-13	3.08E-12
SLK	0.888348406	7.308367058	5.75E-23	1.54E-21
GSTO2	-0.604796849	5.921149748	2.51E-11	2.42E-10
FAM107B	1.815690087	5.316346032	3.51E-67	5.65E-65
TIE1	4.943308726	0.261036892	1.18E-17	2.14E-16
DIP2B	0.982670458	7.195525752	1.67E-33	7.84E-32
SMARCD1	0.62659947	7.614989069	6.48E-12	6.65E-11
NGEF	0.698434694	5.424430392	1.30E-12	1.44E-11
ASPM	0.769640145	6.619301647	7.55E-20	1.65E-18
ELOVL1	1.080903248	6.087420514	1.18E-26	4.00E-25
MSANTD3	1.251162118	5.454576864	2.69E-36	1.46E-34
PFKP	0.657516477	7.219377833	1.12E-10	1.01E-09
IDI1	1.621098149	5.760521639	2.56E-51	2.52E-49
KLF6	2.278172894	7.919282243	1.41E-173	2.29E-170
SYT1	0.876267839	8.729686139	1.09E-19	2.35E-18
CBFB	0.611314327	8.665931352	2.22E-13	2.67E-12
HYAL2	0.766911047	4.37086332	2.30E-10	2.00E-09
FGFR3	-2.592856455	3.072617132	1.29E-48	1.11E-46
TFE3	0.992385489	6.370170534	6.46E-25	1.98E-23
GPKOW	0.699925903	5.38712885	3.04E-09	2.27E-08
FTSJ1	0.745545949	6.980384002	4.93E-14	6.28E-13
PRR11	1.537227103	5.800682206	1.28E-44	9.74E-43
IP6K2	-0.772331692	6.838883252	1.80E-18	3.52E-17
PSME4	0.604012894	7.440282871	9.00E-14	1.13E-12
PPP2R5B	1.219143185	3.736151179	1.37E-16	2.26E-15
PITX1	0.698989643	5.773592551	9.43E-13	1.07E-11
MAST4	1.103037081	5.986243481	2.08E-33	9.69E-32
BCL3	2.674919767	2.204823766	1.34E-26	4.51E-25
HES2	-0.962173701	3.661039181	2.62E-13	3.13E-12
SMG6	0.657352283	6.405836505	1.67E-13	2.03E-12
WIPI1	2.002378308	6.096771628	4.16E-71	7.18E-69
AP3M2	-0.998395996	5.34631606	1.82E-23	5.09E-22
PTPN21	0.596494866	5.294529661	3.01E-09	2.25E-08
NCK2	0.856012802	4.728864651	2.92E-14	3.82E-13
MAP4K4	0.951783345	7.720792581	9.76E-32	4.14E-30
MGAT4A	-2.125510022	1.761204677	3.31E-15	4.74E-14
WDR1	0.760026635	7.627554755	9.75E-15	1.34E-13
RPS6KA2	1.099145944	5.133582016	1.87E-21	4.48E-20
VASH1	-1.038489929	2.768888849	8.17E-10	6.61E-09
FAM50A	0.760914455	5.561586198	1.17E-13	1.45E-12
RDH11	0.571537798	6.482610342	1.37E-09	1.08E-08
ALDH3A2	-0.575665936	6.185909691	1.72E-10	1.52E-09
TRNT1	-0.636593629	5.732172712	9.13E-12	9.19E-11
STK10	0.893247395	5.812211346	2.51E-17	4.38E-16
CRMP1	0.596738651	6.234557802	5.12E-11	4.81E-10
AP1M1	0.788227201	5.755984639	2.94E-14	3.83E-13
PANX2	3.097509853	0.710879556	1.32E-13	1.63E-12
PDE8A	0.657231269	6.968432195	1.20E-14	1.64E-13
GSDMB	-1.53273142	5.064124853	9.47E-14	1.18E-12
FERMT2	0.76326303	5.071721855	4.58E-10	3.86E-09
ST6GAL1	-1.002899424	3.890705999	6.54E-13	7.52E-12
PICALM	0.767455914	8.083046268	1.66E-18	3.26E-17
PPP2R2C	-1.430976718	6.119346497	9.60E-40	6.04E-38
NTN4	3.087316907	1.101016898	1.99E-19	4.18E-18
NUAK1	1.273787485	2.978969986	4.08E-15	5.81E-14
TUBE1	-0.977749657	5.366026093	4.55E-20	1.01E-18
ARHGEF10L	-1.101188329	5.485112166	8.43E-23	2.24E-21
RASAL2	0.766389495	5.169408739	1.77E-11	1.74E-10
FNDC3B	0.684286272	6.153417521	5.60E-14	7.11E-13
FOSL2	0.771231409	5.867565743	3.72E-15	5.31E-14
FSCN1	1.054467894	7.244485494	4.47E-22	1.13E-20
ACTB	1.362716716	11.23809749	3.13E-31	1.28E-29
SEC31B	-1.579851113	4.347839509	9.98E-18	1.82E-16
KIFAP3	0.655885664	5.087239612	1.65E-09	1.28E-08
MCM6	-0.630278556	6.905337922	3.51E-11	3.34E-10
RBMS2	0.895653199	7.189012218	2.20E-17	3.86E-16
PTPN23	0.587570665	6.279254563	7.51E-11	6.92E-10
UNG	-1.117977396	5.174374945	2.70E-22	6.93E-21
RGS11	-2.346881254	2.392109265	1.35E-32	6.02E-31
PAG1	1.128585868	2.953839865	7.64E-12	7.77E-11
ARHGEF1	0.695393142	6.694354064	1.47E-16	2.42E-15
NFKB2	2.099333666	5.508003118	1.68E-77	3.28E-75
IL4R	1.271067968	5.300027138	2.04E-35	1.04E-33
DYNC1I2	0.819664552	5.948334498	1.53E-16	2.51E-15
FAM76B	-0.803801766	5.910405327	7.04E-14	8.89E-13
POLD3	-0.588600864	5.510914711	2.70E-09	2.04E-08
TULP3	0.721899805	5.976816628	1.55E-13	1.89E-12
TP53INP2	1.814504441	4.058804187	7.72E-46	6.04E-44
MYH7B	-1.935173925	5.198446858	1.72E-51	1.71E-49
FDFT1	1.586988641	7.72734916	7.25E-64	1.09E-61
PTPRH	2.133006821	4.091956884	6.02E-58	7.60E-56
CRYBG3	0.749329127	4.708573438	2.25E-11	2.18E-10
DLGAP4	1.199978877	7.167995584	2.08E-41	1.39E-39
MAGI3	0.675250214	5.425823202	1.36E-11	1.35E-10
ARG2	1.855869123	6.02044255	5.63E-54	6.20E-52
CCNT2	-0.808395885	6.157509358	5.45E-13	6.29E-12
TRAF5	-1.631455386	7.851326655	1.74E-58	2.25E-56
ITGB5	0.895259955	7.264904279	1.85E-25	5.81E-24
DOPEY1	-0.632116925	5.52883414	4.77E-10	4.01E-09
RRAGB	-0.952828678	4.177417463	1.25E-14	1.71E-13
COL16A1	0.999391118	4.530017629	1.39E-12	1.53E-11
KIF3C	0.905997992	6.00349977	9.35E-19	1.88E-17
CD82	1.75073738	5.692538556	1.11E-62	1.58E-60
B4GALT1	1.122820756	6.454586862	6.01E-32	2.60E-30
ITPKC	0.789373935	4.258567976	5.35E-10	4.46E-09
CEACAM6	2.799536263	1.332904804	2.10E-16	3.39E-15
ERO1B	-0.976654622	3.951048687	1.06E-13	1.32E-12
PPP1R15A	1.548128715	7.152132486	2.60E-48	2.17E-46
LPCAT2	-1.269137755	4.966820621	1.67E-33	7.84E-32
SH3BP2	-0.607060793	7.130752686	1.55E-09	1.21E-08
TXNDC16	-0.95291647	3.389229086	2.18E-11	2.12E-10
KLHL42	-0.732782816	6.475969018	4.44E-15	6.30E-14
AURKA	0.895879212	5.222267747	2.50E-15	3.62E-14
PIR	0.917410585	5.460285998	8.91E-19	1.79E-17
TPX2	0.845832487	7.435919945	6.69E-13	7.67E-12
FER1L4	-1.538109308	3.002883896	1.24E-16	2.05E-15
DOCK9	0.880764181	7.165593722	5.60E-22	1.40E-20
SMOX	0.741049737	6.172418835	3.50E-16	5.48E-15
FKBP1A	0.540272524	7.761061055	3.01E-09	2.25E-08
EBF4	-1.795810718	3.092898698	4.93E-29	1.87E-27
PXN	1.088734523	7.056207585	4.41E-37	2.44E-35
KIF16B	0.723327213	6.262195745	1.90E-14	2.54E-13
FXYD5	1.748437315	4.949605354	1.25E-26	4.21E-25
ARHGAP4	-1.213779273	5.624945036	2.20E-31	9.11E-30
LTBP4	-0.818431682	6.515055941	7.85E-16	1.20E-14
SLC9A1	0.771639884	4.917291936	2.78E-12	2.97E-11
EFNB1	0.932126262	4.478452275	1.76E-13	2.14E-12
KIF4A	0.972199903	5.745884997	7.07E-16	1.08E-14
DLL3	-2.095374462	1.002188165	1.96E-11	1.92E-10
ITGA6	0.68050153	9.157637612	3.23E-16	5.10E-15
RAPGEF4	-0.647951404	5.659435127	3.62E-12	3.82E-11
NA	0.671374798	7.323028643	5.41E-17	9.24E-16
CDV3	0.560645997	8.443063365	6.06E-11	5.62E-10
MYO15A	-2.80881228	3.488677205	3.81E-63	5.58E-61
RGS17	1.627704964	1.901471324	1.82E-13	2.21E-12
ANGPT2	2.589777136	2.744750585	2.02E-37	1.12E-35
OSGEP	-0.791938951	4.916828445	7.52E-12	7.66E-11
HECTD1	0.52818929	7.839832445	5.11E-10	4.27E-09
WDR76	-0.778742088	4.482695852	5.84E-10	4.85E-09
COL9A3	-1.618781129	4.850597064	2.28E-48	1.92E-46
EZR	1.346786081	9.553148691	4.65E-41	3.08E-39
RFFL	0.760023842	5.227502991	2.81E-14	3.68E-13
UNC13D	1.669497403	4.528964245	1.28E-32	5.73E-31
DPYSL2	-1.237524346	7.893050749	4.24E-39	2.55E-37
HOOK2	-1.063607333	5.008207983	3.76E-20	8.43E-19
PTGS1	2.321818327	2.647415641	8.68E-30	3.35E-28
DFNB31	-0.772317822	4.809350042	1.34E-11	1.33E-10
SEMA4G	-0.738130949	5.130847747	7.14E-13	8.16E-12
BTAF1	-1.217230339	7.738548264	8.45E-17	1.42E-15
IKZF5	-0.658383204	5.662970406	4.00E-12	4.20E-11
SORBS1	1.354205693	3.811662189	2.11E-23	5.84E-22
BAMBI	-0.676767808	6.737933557	3.08E-15	4.44E-14
ITPR3	0.650772656	8.768443261	1.66E-13	2.03E-12
ABL1	0.578630159	6.824804894	3.16E-11	3.02E-10
SCD	0.986412338	10.08583879	1.98E-37	1.11E-35
NRP1	2.938847456	3.472896588	7.04E-66	1.11E-63
MYO9B	0.573500273	6.782374292	2.02E-10	1.77E-09
KCNK6	0.655813912	5.397804036	5.51E-11	5.15E-10
MISP	0.94326951	7.047411225	1.02E-17	1.85E-16
GADD45B	1.506427361	4.448450147	2.02E-31	8.42E-30
PALM	-1.286180407	2.080526924	1.65E-10	1.46E-09
MED15	0.833705131	6.198875845	1.63E-16	2.67E-15
P2RX6	-1.844385864	2.636890191	8.36E-24	2.39E-22
SEC14L2	0.946927868	3.565277848	2.08E-11	2.03E-10
SLC35E4	0.956278691	4.165525054	4.00E-14	5.13E-13
CYTH4	3.175647605	0.069705147	3.23E-09	2.40E-08
LGALS1	3.04787706	7.012673718	1.41E-79	2.88E-77
TRIOBP	0.575355665	6.152376036	5.16E-10	4.31E-09
MICALL1	1.048900322	5.478427654	2.53E-25	7.89E-24
DDX17	-1.052744447	10.1559343	3.73E-14	4.81E-13
JOSD1	0.653576865	7.108378124	7.50E-15	1.05E-13
SUN2	0.546509423	6.067083198	5.43E-10	4.52E-09
BIK	3.036530469	5.837986452	2.42E-170	3.54E-167
HMOX1	3.952460406	1.618970887	4.61E-34	2.23E-32
CBX7	-1.63620338	2.695730355	4.50E-19	9.20E-18
SYNGR1	-1.252636628	4.130490097	2.40E-23	6.60E-22
PNPLA3	0.951505795	4.031101739	6.33E-11	5.85E-10
MYH9	1.156100082	10.08677772	1.48E-42	1.04E-40
RANGAP1	0.834045719	7.609889574	3.09E-18	5.94E-17
ABHD4	1.123780595	4.357635023	6.53E-17	1.11E-15
KHNYN	0.569954611	7.012274343	1.08E-11	1.08E-10
SDR39U1	-0.74424186	4.740922909	4.87E-11	4.57E-10
ATP6V1D	0.660195803	5.207775539	1.76E-09	1.36E-08
PLEK2	1.025791521	5.592547431	4.69E-18	8.81E-17
GSTZ1	1.190721317	4.043239407	2.12E-15	3.11E-14
DAAM1	0.824895621	6.213527314	2.93E-21	6.94E-20
GALNT16	-1.504696695	1.756300148	9.32E-10	7.51E-09
HIF1A	0.525947891	6.802375966	2.55E-10	2.21E-09
SRSF5	-1.659529232	8.513033487	3.96E-19	8.15E-18
NFKBIA	1.15729467	4.990130461	1.15E-21	2.81E-20
PNN	-0.828983702	8.489100709	1.10E-14	1.51E-13
PLTP	-0.969625394	3.828214255	2.31E-13	2.77E-12
PYGB	0.848400371	8.323052241	1.17E-17	2.11E-16
ABHD12	0.779169831	5.521869812	2.69E-13	3.20E-12
SGK2	-1.412812447	1.970717044	1.18E-10	1.07E-09
NFATC2	1.637562223	3.65104349	8.65E-30	3.35E-28
PABPC1L	-1.217620966	7.720286408	1.06E-09	8.50E-09
NTSR1	1.312899939	7.80857358	3.76E-40	2.41E-38
DIDO1	-0.568953201	7.635579419	4.79E-10	4.02E-09
SLC17A9	-0.93092054	6.625089106	3.13E-15	4.50E-14
TRIB3	1.169440732	8.591596724	1.29E-31	5.46E-30
RASSF2	1.943429108	1.076997723	4.30E-11	4.05E-10
FERMT1	0.942824916	7.489554282	4.76E-31	1.93E-29
PLCB4	-0.81539511	4.094721282	3.27E-11	3.11E-10
JAG1	1.375633261	8.039230419	7.16E-52	7.18E-50
E2F1	-1.334308924	4.097624252	4.05E-26	1.33E-24
DNTTIP1	1.735605904	6.270243575	7.68E-58	9.62E-56
MYL12A	0.864982082	7.40314994	6.85E-17	1.16E-15
POLI	-0.993988882	3.815325595	1.62E-11	1.60E-10
RIOK3	0.568604813	6.826002622	1.70E-10	1.51E-09
VSIG1	5.842932977	4.20291151	2.62E-159	3.48E-156
AMMECR1	0.710957431	6.561613764	8.25E-16	1.26E-14
WDR13	0.578723684	6.546900079	2.15E-11	2.09E-10
PLP2	0.764617908	8.448782872	2.22E-10	1.94E-09
SCML2	-0.859664797	3.797655827	4.74E-10	3.99E-09
PCYT1B	1.814770759	2.369038763	2.18E-18	4.25E-17
GABRE	-1.347090256	3.971298127	4.10E-16	6.37E-15
PORCN	2.487034257	6.213568472	5.54E-140	4.51E-137
CENPI	1.144942831	3.847992591	6.80E-17	1.15E-15
PBDC1	0.644885387	5.673466705	4.25E-11	4.01E-10
CAB39L	-1.006751372	5.491135165	4.06E-22	1.03E-20
STK24	0.640234318	8.926532319	7.69E-11	7.08E-10
PARP4	0.718231202	7.424480899	3.45E-17	5.96E-16
RGCC	3.426557238	1.842822706	2.99E-34	1.47E-32
TSC22D1	-0.598449618	8.132002842	2.17E-13	2.62E-12
HSF4	-1.163495306	4.334148433	4.58E-16	7.09E-15
CENPT	-0.823283717	6.209139336	1.29E-10	1.16E-09
CYB5B	0.579544996	7.891637848	5.79E-13	6.67E-12
NME3	-1.7927259	2.859684236	2.24E-22	5.81E-21
SETD6	-0.999741401	5.663216309	1.72E-24	5.10E-23
TANGO6	0.593929156	6.436782548	8.79E-12	8.88E-11
FA2H	2.156281259	3.945690634	4.45E-52	4.49E-50
COTL1	0.930884136	5.728090754	4.50E-15	6.38E-14
CPPED1	0.725747489	6.181898243	7.61E-15	1.06E-13
STX4	0.650687482	5.018027097	1.24E-09	9.80E-09
RNF40	0.606899463	6.604085207	1.48E-09	1.16E-08
IQCH	-1.197432958	5.783993246	1.82E-36	1.00E-34
CORO2B	4.285054025	2.765504214	7.29E-78	1.46E-75
TRIP4	0.843118023	4.719094236	9.47E-13	1.07E-11
CD276	1.191953067	6.316674501	7.50E-25	2.28E-23
CEMIP	-0.511592992	9.030953318	2.95E-11	2.83E-10
EHD4	1.416593449	7.138584369	4.03E-42	2.78E-40
VPS18	1.375019901	5.326861898	2.58E-23	7.08E-22
RIPK2	0.786972598	5.22734345	2.75E-13	3.28E-12
ESRP1	-0.817227412	5.502074311	1.32E-17	2.37E-16
NDRG1	2.178259094	4.596768638	1.89E-59	2.50E-57
SQLE	1.95679404	6.760301691	1.01E-106	4.36E-104
GSR	0.566222839	7.170573604	4.18E-10	3.53E-09
KCNN4	3.553862557	0.800559622	2.26E-18	4.39E-17
SNRNP70	-0.761913997	7.641031192	1.54E-12	1.70E-11
RELB	2.067007091	4.200687947	1.12E-48	9.70E-47
FCGRT	-0.881760828	4.117011293	4.72E-13	5.48E-12
PPP1R13L	0.835248056	5.126352426	2.57E-14	3.39E-13
DOT1L	0.571451075	6.322662396	3.38E-09	2.50E-08
PPP6R1	0.976332414	6.474699642	3.35E-21	7.89E-20
ZNF419	-0.950209059	3.648354829	1.11E-11	1.11E-10
BBC3	0.864058409	4.523730526	4.54E-13	5.28E-12
TGFB1	0.867125969	6.800053927	2.62E-14	3.45E-13
PLIN3	1.713211434	6.04093773	1.28E-52	1.34E-50
ICAM5	-2.745816054	0.74349494	2.45E-13	2.94E-12
CYTH2	0.717282221	5.65138691	4.22E-12	4.41E-11
CLEC11A	-1.377112934	3.152591916	5.76E-19	1.17E-17
LIG1	-0.964552358	4.707084893	7.33E-17	1.23E-15
PLA2G4C	2.500536168	1.588269982	4.14E-19	8.49E-18
CAPS	-1.227608649	2.479234664	2.59E-10	2.24E-09
PPP2R1A	0.802045599	7.820290622	1.88E-11	1.84E-10
ISYNA1	-1.207370365	2.187134903	3.53E-09	2.61E-08
USF2	0.822717699	6.152892433	1.43E-17	2.56E-16
SCN1B	-1.52136511	2.78985446	3.26E-16	5.14E-15
ETHE1	0.823034702	3.747909074	1.84E-09	1.42E-08
ITGB8	1.4175031	3.228803197	3.00E-16	4.74E-15
ATP6V0A4	1.333835928	3.208866573	8.74E-18	1.60E-16
OGDH	1.08167959	7.241909248	1.10E-31	4.64E-30
CAV2	1.037890096	5.288446566	5.71E-23	1.53E-21
CAV1	2.448440725	5.063489427	2.96E-62	4.13E-60
MET	1.161168123	8.527448229	3.75E-39	2.27E-37
HOXA3	-0.944921505	4.604369739	8.39E-16	1.27E-14
LFNG	-1.52831851	3.765014518	3.77E-28	1.37E-26
TAX1BP1	0.560814582	7.65155643	1.41E-09	1.11E-08
CHN2	-0.593130391	5.970592551	8.79E-10	7.11E-09
GRB10	1.197461477	4.87565394	1.72E-25	5.43E-24
NSUN5P2	-1.376330687	4.188335717	1.50E-17	2.67E-16
ZKSCAN1	-0.71587647	8.508137156	1.89E-19	3.99E-18
SNX8	0.720848095	5.231185574	5.06E-12	5.25E-11
PTPRZ1	1.526779369	5.604338147	3.61E-47	2.96E-45
SERPINE1	1.995762756	6.167612224	3.41E-91	1.00E-88
PHF14	0.519857082	7.311005211	3.66E-10	3.11E-09
RARRES2	-2.070802851	1.782752266	2.84E-18	5.46E-17
TMEM176B	-1.446720321	3.970504275	8.67E-26	2.79E-24
MRPL32	-0.630566876	5.641369366	4.91E-10	4.11E-09
BCL7B	0.692184226	4.992050011	1.40E-10	1.25E-09
YKT6	0.551888094	7.030913823	6.57E-12	6.74E-11
CLIP2	0.829998313	7.558471187	1.98E-20	4.53E-19
LHX6	0.799639093	4.456917661	2.64E-10	2.28E-09
KCNT1	-2.043333198	3.410114798	6.52E-40	4.15E-38
CA9	-2.336761333	2.58248754	5.29E-33	2.41E-31
RAPGEF1	0.747048938	5.429198488	4.50E-13	5.24E-12
NPDC1	-1.582005822	5.207347911	2.44E-24	7.12E-23
SETX	0.549559764	7.654788938	1.38E-09	1.09E-08
ABCA2	-1.963587417	5.768017821	2.13E-52	2.19E-50
SHB	0.78340886	4.304022272	1.59E-10	1.42E-09
DVL1	0.700179022	6.682416345	2.41E-12	2.61E-11
PDLIM1	1.017000545	4.514633958	5.59E-14	7.11E-13
DNMBP	0.919872908	5.107296257	1.16E-18	2.33E-17
RAB11FIP2	-1.039979	6.544885377	7.23E-32	3.11E-30
EIF3A	0.520370776	9.637417564	3.40E-09	2.52E-08
PALD1	-0.592851717	7.361608572	2.18E-12	2.36E-11
C10orf54	1.734127424	3.156828997	2.10E-25	6.56E-24
ARHGAP21	0.800380086	6.151216817	8.72E-17	1.46E-15
OBFC1	1.317926871	4.502356144	2.48E-20	5.63E-19
TFAM	-0.570931217	7.753975435	7.15E-14	9.01E-13
RNF43	-0.7775215	6.609070212	1.40E-18	2.78E-17
CDK5RAP3	-1.301130863	6.42754231	3.37E-32	1.47E-30
ENO3	-0.657820002	5.419825692	1.86E-11	1.82E-10
PFN1	0.910305349	9.115533021	1.10E-12	1.23E-11
RASD1	3.724551232	0.146642276	2.60E-12	2.80E-11
KAT2A	-1.012255332	5.940832523	2.26E-22	5.85E-21
VAT1	0.92247941	7.365752115	7.89E-19	1.60E-17
LRRC59	0.688459893	7.712870594	8.34E-11	7.65E-10
HDAC5	0.878004404	4.491644101	2.64E-12	2.84E-11
ABCC3	-0.811078269	5.724062513	3.22E-18	6.15E-17
LUC7L3	-1.183784948	8.628666327	1.06E-17	1.93E-16
DUSP3	0.576463791	6.949829306	5.03E-12	5.22E-11
SLC16A6	0.746907496	5.92540426	3.77E-15	5.37E-14
EFNB3	-1.480665648	2.859601528	7.91E-19	1.60E-17
TMEM104	0.879897654	4.401759425	1.78E-13	2.16E-12
TNFAIP1	1.075959347	5.645693619	1.85E-27	6.53E-26
CDR2L	1.415024747	4.636667995	6.27E-33	2.83E-31
KIAA1211	0.907042759	4.682222655	1.31E-15	1.96E-14
NFKB1	0.855867641	5.501899335	3.63E-15	5.19E-14
CPE	-0.927260655	3.725382241	2.93E-12	3.13E-11
TRIM2	-0.916309487	5.370655376	1.95E-18	3.80E-17
KLHL5	0.641777519	4.965036567	3.95E-09	2.90E-08
UGDH	0.526533377	6.98349687	1.71E-09	1.33E-08
B3GAT1	-1.359872276	4.374572084	6.47E-31	2.59E-29
LPXN	1.248916202	3.566936469	9.63E-15	1.33E-13
DTX4	-1.795768317	2.174552822	2.84E-18	5.47E-17
EHD1	1.389860595	6.418547142	3.41E-36	1.82E-34
ST3GAL4	0.991765027	4.311380882	3.36E-16	5.30E-15
FOLR1	-1.19975582	3.413010341	1.75E-14	2.35E-13
PANX1	0.690755588	5.362583642	2.85E-12	3.05E-11
CEP126	-0.920627451	3.264044067	2.64E-09	1.99E-08
EIF4G2	0.813677957	10.42704718	1.71E-22	4.45E-21
ACCS	-1.483746057	5.61989582	1.08E-21	2.63E-20
AMBRA1	0.934367372	6.222216209	4.69E-26	1.53E-24
NAA40	-0.739886129	5.782823551	8.10E-10	6.56E-09
SLC35F2	0.5814043	7.078265483	5.57E-11	5.19E-10
C11orf21	-2.725750932	4.098494276	9.13E-87	2.40E-84
EXPH5	1.001360213	6.263120298	3.42E-19	7.06E-18
VWF	1.780809861	1.351486875	7.20E-11	6.64E-10
P3H3	-1.093152484	3.917033221	2.64E-15	3.83E-14
CORO1C	0.759323839	8.301422857	3.03E-17	5.25E-16
ASIC1	-1.196288068	5.328180607	6.31E-29	2.38E-27
CAPRIN2	-0.814753808	5.557734427	2.39E-09	1.81E-08
KCTD10	0.56412334	6.027516176	1.13E-09	9.03E-09
MVK	1.780781623	4.085880715	2.91E-33	1.35E-31
IL23A	1.944900921	5.489424219	4.57E-73	8.58E-71
ELK3	1.820657904	5.589560194	4.88E-63	7.07E-61
RAD51AP1	-0.784365869	4.560532589	5.24E-12	5.42E-11
OAS3	0.718265456	5.013385798	1.47E-11	1.45E-10
RASAL1	-0.867832819	3.435997976	3.56E-09	2.63E-08
RFC5	-0.687422767	4.984545541	1.51E-09	1.18E-08
CPSF6	-0.87072959	7.827929514	1.97E-24	5.80E-23
ING4	-0.955010428	4.994658462	1.07E-12	1.20E-11
GNB3	-1.594587002	2.484078876	5.06E-17	8.66E-16
C2CD5	-0.535304726	8.064661969	6.61E-12	6.76E-11
FGFR1OP2	-0.60081877	7.102840618	2.46E-11	2.38E-10
PPARD	1.375480882	4.929193313	1.92E-35	9.85E-34
MCM3	-0.670379374	7.495619518	5.56E-15	7.81E-14
MDGA1	2.812376161	1.963410917	2.46E-29	9.43E-28
ICK	-0.486147746	7.487452678	2.51E-09	1.90E-08
FBXO9	-0.909215482	6.224900854	1.22E-21	2.97E-20
BACH2	2.608164033	1.961382229	8.74E-26	2.81E-24
EYA4	-1.342461729	3.829304556	1.84E-24	5.43E-23
SLC16A10	-1.437723175	4.993457077	1.45E-39	9.04E-38
HECA	1.114500674	4.389825455	3.61E-18	6.86E-17
QKI	0.984556868	4.954048275	3.04E-19	6.30E-18
MDFI	0.940580057	3.61664446	4.43E-11	4.16E-10
SMOC2	-2.815646622	6.030834858	6.36E-179	1.33E-175
PTK7	-1.012502372	7.920968972	3.92E-36	2.08E-34
TMEM30A	-0.529837882	7.368562326	1.04E-09	8.35E-09
VEGFA	-0.905044565	7.204951824	2.27E-17	3.97E-16
SLC29A1	-0.646846816	5.313264078	1.95E-10	1.72E-09
ENPP5	-1.44629595	1.813360744	1.93E-10	1.70E-09
ERBB2IP	0.537011728	7.474260941	2.65E-10	2.28E-09
HMGCS1	2.193719105	7.750595185	1.08E-135	7.90E-133
DAP	0.87503918	6.661308121	5.17E-15	7.28E-14
KIF20A	0.981734162	4.90826025	3.56E-18	6.77E-17
HMGCR	1.096645673	7.208053819	5.55E-41	3.66E-39
ARSB	1.124876362	4.457611665	4.97E-21	1.16E-19
RASGRF2	1.302293214	4.76450251	5.79E-28	2.09E-26
GNPDA1	0.724055219	6.739808134	1.05E-10	9.53E-10
PPWD1	-0.582968135	5.757835311	3.41E-09	2.53E-08
DPYSL3	0.569985816	6.9694216	5.63E-10	4.67E-09
HMGXB3	0.507762071	6.745760946	1.32E-09	1.04E-08
DBN1	0.8930769	7.191876988	1.57E-17	2.79E-16
AMOTL2	1.057218248	4.901796858	1.49E-18	2.95E-17
RBP1	1.538696614	7.525389273	1.09E-71	1.98E-69
SLC25A36	-0.905892624	7.406079604	2.29E-21	5.47E-20
BCHE	-1.496339702	2.695188225	1.18E-17	2.13E-16
PFKFB4	1.196280343	4.006770543	1.67E-19	3.55E-18
COL7A1	0.997938322	5.469082711	1.36E-10	1.22E-09
HYAL1	3.416392355	3.39897991	4.94E-80	1.02E-77
CBLB	1.017931754	4.566140735	3.16E-18	6.04E-17
C3orf52	1.332316766	3.731002404	6.33E-18	1.17E-16
FRMD4B	1.21877939	3.139568532	9.33E-15	1.29E-13
MAPKAPK3	0.913294221	6.188409272	9.81E-23	2.60E-21
EEF1B2	-0.588979212	6.123241112	2.25E-10	1.97E-09
CCL20	1.342015035	2.241868935	3.26E-09	2.43E-08
ACVR1	1.083162514	4.21700807	1.41E-17	2.52E-16
SPTBN1	1.180413437	9.513159251	3.25E-38	1.90E-36
RTN4	0.600117578	8.517945814	1.33E-12	1.48E-11
HTRA2	0.841324837	4.391058494	2.66E-10	2.29E-09
FANCL	-0.824035283	5.54246173	1.91E-13	2.32E-12
FN1	2.98877062	3.211842229	6.06E-60	8.22E-58
FHL2	0.704765555	5.605463906	2.52E-11	2.43E-10
HPCAL1	0.914172481	6.617788976	9.95E-25	2.99E-23
ODC1	0.767931464	8.975127249	5.64E-18	1.05E-16
SRSF7	-0.517687366	7.501646407	3.35E-09	2.49E-08
WIPF1	1.367910712	6.195692685	5.06E-44	3.72E-42
AAK1	1.192901234	6.32999126	1.85E-24	5.45E-23
TIA1	-0.803760008	7.015682214	9.84E-13	1.11E-11
MSH6	-0.643337042	6.723299596	2.16E-13	2.61E-12
DHCR24	0.670815768	7.513085692	2.19E-14	2.90E-13
ERRFI1	0.801672987	7.385629689	1.69E-23	4.73E-22
RNF19B	1.132675857	4.092879675	7.03E-18	1.30E-16
IVNS1ABP	-0.572532879	6.983051351	6.66E-12	6.81E-11
MFN2	0.547554419	7.315444322	2.17E-10	1.91E-09
NCF2	2.850040771	0.431287353	4.23E-10	3.58E-09
SRSF11	-0.548744874	8.157816104	3.30E-09	2.45E-08
CRYZ	0.606838364	6.118261205	8.35E-12	8.45E-11
KIF21B	0.652591559	6.187744187	4.15E-11	3.91E-10
MAP7D1	0.691413217	6.447679225	2.36E-10	2.06E-09
RRAGC	0.80879531	4.392559632	2.53E-10	2.20E-09
LGALS8	-0.496720871	7.304501164	2.79E-10	2.40E-09
BMP8B	-0.902444927	3.621951639	5.30E-11	4.96E-10
KDM5B	0.548055649	6.350037453	3.62E-10	3.07E-09
ECE1	0.677089926	7.250516472	3.63E-12	3.83E-11
CD46	-1.246859686	8.85786657	1.16E-42	8.20E-41
CDC20	1.179506445	5.382757924	1.24E-21	3.01E-20
PIK3R3	1.465511378	2.462541162	8.81E-15	1.22E-13
RSRP1	-1.269144297	6.939862574	6.26E-10	5.15E-09
PROX1	-0.583842135	8.84364666	9.08E-12	9.14E-11
CENPF	1.012187526	8.013423949	1.79E-31	7.50E-30
02-mar	-0.826282683	3.59991744	1.54E-09	1.20E-08
KIF14	0.985353532	5.242139522	1.47E-20	3.39E-19
NRP2	1.271940784	5.919713281	4.51E-38	2.59E-36
CASP8AP2	-0.650182846	5.701551103	6.96E-10	5.69E-09
RAB32	1.091986532	4.371065284	1.40E-16	2.32E-15
MYB	-1.435533799	5.016861719	8.06E-42	5.44E-40
PKD2	-0.956790872	5.333943661	4.06E-21	9.53E-20
ELL2	0.779892222	5.374302967	3.70E-14	4.79E-13
GDA	0.995828774	4.039014496	2.18E-14	2.90E-13
KLF9	1.395560064	3.178396732	1.57E-15	2.32E-14
TJP2	0.563452832	6.962547156	5.67E-11	5.28E-10
NDUFA8	0.687028915	5.639048663	1.82E-09	1.40E-08
NPC2	0.894831619	4.278538698	1.62E-12	1.78E-11
RBM25	-0.649348319	8.224493652	2.68E-09	2.02E-08
EIF2B2	0.700219201	5.08805034	2.64E-10	2.28E-09
OGFRL1	-0.72467368	4.867158127	5.34E-11	5.00E-10
MXI1	-0.707129304	4.985488947	5.92E-11	5.50E-10
HELLS	-0.737656912	6.185362865	1.56E-12	1.72E-11
AVPI1	1.175026497	3.825265813	2.86E-15	4.13E-14
GOT1	0.931472817	5.826428536	2.06E-16	3.33E-15
GNA13	0.464946189	7.708089758	3.62E-09	2.67E-08
MRPS14	-0.677538642	5.217443657	2.31E-09	1.76E-08
ACAT2	1.728950212	5.42004053	1.44E-48	1.23E-46
KIAA1217	1.528683496	5.796286162	6.63E-53	7.14E-51
DNAJC15	-1.184280447	5.647166519	3.98E-28	1.44E-26
SMAD9	-1.346942198	1.766014405	2.07E-09	1.58E-08
EXOSC8	-0.635562067	5.762374	1.73E-11	1.71E-10
TGFBI	-0.749978473	6.970166924	7.96E-11	7.32E-10
EGR1	1.036383301	7.108690051	4.61E-33	2.12E-31
MTERF2	-1.612926951	3.708088772	2.75E-26	9.10E-25
CLU	1.337765032	2.325966857	1.63E-09	1.27E-08
TBX2	0.800925161	4.688572531	3.71E-12	3.91E-11
ECHDC2	-1.262305838	4.089943894	2.75E-12	2.94E-11
DEPDC7	-1.601761613	6.043413427	1.27E-65	1.98E-63
GPSM2	0.795846972	5.515668351	7.70E-13	8.79E-12
MTERF4	-0.643692768	5.289084979	7.01E-10	5.72E-09
FAM126A	0.900678521	3.482935057	1.41E-09	1.11E-08
FKBP9	-0.534926992	7.506530684	3.40E-11	3.23E-10
POLM	1.096561892	5.732712868	1.30E-26	4.39E-25
PLAU	3.924194699	4.746921895	1.26E-143	1.23E-140
BICC1	-0.779403152	5.634609749	1.44E-16	2.37E-15
CIT	1.009621853	6.829325171	1.48E-26	4.94E-25
RASSF8	0.813249943	4.576290959	2.88E-12	3.07E-11
ITPR2	-1.034144252	7.759257833	3.69E-31	1.50E-29
ADGRE5	0.606036545	7.143085751	5.51E-10	4.58E-09
GIPC1	0.681986196	5.610875168	2.25E-10	1.97E-09
OPTN	1.12724671	6.954140899	6.67E-22	1.66E-20
MMP19	2.427435736	2.857362724	1.09E-37	6.19E-36
NR4A1	1.532349358	3.072476767	7.89E-20	1.72E-18
SARDH	-1.277925556	3.746907837	9.91E-20	2.14E-18
PLA2G12A	-0.596900677	5.693094137	6.53E-10	5.36E-09
ACSL3	0.691473589	7.412832183	3.25E-12	3.45E-11
SLC12A4	0.706217256	6.224379611	1.11E-12	1.24E-11
FAM210B	-0.899541435	5.312712274	2.48E-17	4.34E-16
WFDC3	3.23487628	0.626749762	1.79E-15	2.63E-14
SDC4	1.692830481	7.065131178	2.89E-80	6.15E-78
SRSF6	-0.930651651	8.281684106	1.10E-25	3.50E-24
RAB22A	1.35454162	7.641704037	1.49E-57	1.82E-55
PPP4R1L	2.227999986	3.272880141	1.62E-28	5.98E-27
PMEPA1	0.905847544	6.722654483	6.88E-23	1.84E-21
ATP8A1	-1.092522251	3.042310938	9.29E-12	9.35E-11
POF1B	0.636005636	6.958113381	2.10E-12	2.28E-11
SIRT5	-1.235927337	4.29069123	6.84E-25	2.08E-23
HIST1H2BJ	2.167646129	1.327362647	9.52E-13	1.07E-11
KLHL31	-1.930802072	2.757636318	2.27E-26	7.55E-25
SOX4	1.406180336	9.235101902	2.25E-64	3.44E-62
RUNX2	1.748144367	2.296001837	1.85E-16	3.02E-15
LRRFIP1	0.559825926	7.885425199	9.43E-11	8.60E-10
RAB17	-1.038699017	5.442794504	1.24E-23	3.51E-22
AHNAK	2.859294969	9.604765231	1.33E-88	3.59E-86
SSUH2	2.636484579	0.918423303	2.57E-13	3.08E-12
MT2A	1.644582601	3.994414799	4.76E-30	1.86E-28
TMTC4	-0.79372195	5.285970214	7.46E-14	9.39E-13
EFNB2	0.645248946	8.178478142	5.35E-13	6.18E-12
PAX8	0.902629745	3.573979108	1.79E-09	1.39E-08
C3	4.68364192	3.37324245	2.55E-85	6.33E-83
OPA3	0.666812059	5.431518493	5.01E-11	4.71E-10
RTN2	1.187479503	3.537830446	2.28E-15	3.32E-14
VASP	0.875582084	7.052879543	7.22E-16	1.10E-14
SDCBP2	1.988101768	3.495283691	7.28E-34	3.49E-32
NAPB	-0.709222144	5.421586395	6.13E-10	5.05E-09
RBCK1	0.56934384	8.474409007	2.17E-11	2.11E-10
TMX4	-0.744607133	7.005567975	1.87E-18	3.65E-17
TMEM74B	-1.629005611	3.653633698	2.01E-27	7.08E-26
CEP250	0.655339867	7.060660638	2.67E-12	2.87E-11
AMOT	1.458065241	3.012694238	1.91E-17	3.36E-16
XRCC3	-0.909112412	3.743733424	2.56E-10	2.22E-09
MCF2L	-0.517670808	6.836249196	1.22E-09	9.69E-09
F10	-1.406380752	4.221671197	6.44E-31	2.58E-29
CAPNS1	1.006459694	7.722679914	7.07E-12	7.21E-11
PRDX5	0.63097436	6.769734528	8.08E-11	7.42E-10
RRAS	2.12930236	2.546206603	1.36E-26	4.55E-25
DLGAP5	0.749684544	5.334090936	8.69E-10	7.03E-09
L3HYPDH	-1.254822511	3.792597267	3.11E-14	4.05E-13
PLEKHG3	0.879253573	6.769088039	2.24E-18	4.35E-17
AIF1L	-0.921523702	4.554134216	3.70E-16	5.78E-15
MAP2K2	0.736910792	6.166269392	1.11E-12	1.24E-11
FGFRL1	-1.41107891	8.155867367	5.00E-54	5.55E-52
KLF2	2.846512067	2.662322721	3.37E-34	1.65E-32
WDR24	0.879189158	3.459647724	2.73E-09	2.05E-08
TUBBP1	0.768857506	5.084468287	1.92E-09	1.47E-08
MACF1	0.729802148	9.236195778	1.08E-10	9.79E-10
SMARCA4	0.50995131	8.354361101	4.79E-10	4.02E-09
TICAM1	0.683375661	4.518413634	3.22E-09	2.40E-08
VIL1	-0.876286126	7.720498546	8.94E-20	1.95E-18
PTPN12	0.596431702	6.942270777	6.44E-13	7.41E-12
GNAI1	-0.624015962	5.649381523	1.96E-11	1.92E-10
ZFP36	0.98471839	4.651706347	2.31E-16	3.69E-15
RASL11B	-1.220779695	2.666599478	1.03E-11	1.04E-10
YWHAH	0.985252223	7.093868414	2.66E-19	5.55E-18
MGAT3	-2.622663377	2.960196509	3.66E-46	2.90E-44
CDC42EP1	0.99250547	6.070971099	4.23E-20	9.47E-19
BAIAP2L2	-0.811051562	5.192182002	1.21E-14	1.65E-13
RAC2	2.459971939	2.457596778	4.85E-32	2.11E-30
LIF	1.354466175	4.582202137	6.91E-26	2.23E-24
KRT17	4.290815488	1.640272028	1.98E-32	8.84E-31
VGF	1.115684124	3.00357035	2.61E-10	2.26E-09
FLNC	4.258810242	3.992735635	1.81E-124	1.02E-121
GAD1	-0.891611196	5.428024228	3.22E-12	3.42E-11
ORMDL1	-0.676930504	6.187032324	4.79E-13	5.55E-12
ARHGAP22	-1.628116603	2.18236511	4.99E-15	7.03E-14
CGNL1	-1.143106854	6.22707794	7.97E-32	3.41E-30
DLL4	-1.439760871	4.033774381	1.81E-28	6.66E-27
ALDH1A2	1.382120346	3.879939111	1.78E-24	5.29E-23
DUT	-0.964978137	5.767262073	3.74E-23	1.02E-21
CALML4	-1.034506676	4.481544523	6.32E-17	1.08E-15
PALLD	1.081423161	5.213684479	4.57E-25	1.40E-23
SEC14L1	0.723664925	7.159980123	1.65E-19	3.50E-18
SHC2	-2.079817149	0.916966654	2.14E-11	2.08E-10
ABHD17A	-0.879714327	3.394998458	1.09E-09	8.72E-09
GAMT	-1.584073743	1.550192554	5.07E-10	4.25E-09
SAT1	-0.745023441	8.316405988	1.64E-13	2.00E-12
LDLR	2.336860176	8.086563803	9.32E-148	9.75E-145
KIF1A	2.875883727	5.74114265	4.19E-105	1.75E-102
SLC27A1	-0.973654358	3.528721768	9.07E-12	9.14E-11
COLGALT1	0.562256328	6.672369828	1.81E-10	1.60E-09
SNX9	0.538814187	7.76468716	3.98E-11	3.76E-10
ARPC1B	1.179701372	5.806070615	3.23E-36	1.74E-34
GDF15	0.607632628	7.48558671	6.50E-11	6.01E-10
JUND	1.261697186	6.887736883	2.84E-34	1.40E-32
HELZ2	1.317584502	5.722572507	2.62E-34	1.30E-32
SAMD10	-1.055731105	3.682630613	1.84E-14	2.46E-13
CYP2E1	-1.565971956	2.550434913	2.83E-16	4.50E-15
PNPLA7	-1.208475532	3.269769462	4.84E-15	6.84E-14
ZNF337	-0.722397033	5.369335758	1.97E-09	1.51E-08
SESN2	1.448137557	6.044985283	4.42E-53	4.83E-51
THEMIS2	2.165649301	1.100457125	1.33E-12	1.48E-11
CLIP1	0.511500454	6.902611614	2.62E-09	1.98E-08
HABP4	0.810189483	4.710714725	4.70E-13	5.47E-12
UBA1	0.595866849	9.074042766	1.21E-10	1.10E-09
AKAP12	4.465047313	11.10853366	0	0
SYNE1	1.351122136	3.75512704	2.52E-12	2.72E-11
RBM39	-0.81056835	8.995319542	1.07E-12	1.20E-11
GGT7	-1.075791171	5.468326872	3.22E-18	6.15E-17
ZNF141	-1.19498023	3.381631237	1.61E-15	2.38E-14
GINS2	-1.246543383	3.554853633	1.10E-17	1.99E-16
CAP1	0.750181589	7.510683281	2.12E-14	2.82E-13
PPT1	-0.627600635	6.819727013	2.02E-09	1.55E-08
MRPS25	-0.737262286	6.367641403	4.21E-12	4.41E-11
SH3BP5	0.842019802	4.650794127	5.19E-12	5.37E-11
SLC6A6	0.70734733	7.072921873	1.89E-16	3.07E-15
ACLY	0.582898251	8.315696284	3.72E-10	3.15E-09
VPS25	0.706006897	5.72361451	1.15E-09	9.13E-09
DIAPH1	0.772258401	7.998897136	3.55E-19	7.32E-18
ACAP3	-0.858367616	6.244929599	4.07E-09	2.98E-08
ANO1	3.161069803	7.299263063	2.89E-203	8.48E-200
KREMEN2	-1.602688846	1.53653123	3.33E-10	2.84E-09
MAP1B	1.147611212	9.437944115	6.15E-40	3.93E-38
TNS4	0.985822453	6.883699355	2.12E-20	4.83E-19
ABHD12B	-0.833878417	4.899824999	1.11E-15	1.66E-14
ZSWIM4	0.897808462	4.349285582	1.35E-13	1.67E-12
TRIM5	1.371622548	3.989677963	2.09E-24	6.15E-23
PRKAA1	-0.610270863	7.197421414	6.26E-14	7.92E-13
RAP1GAP2	0.628462363	7.109236771	2.87E-13	3.41E-12
MYBBP1A	-0.603531843	6.852622304	4.33E-11	4.07E-10
SERPINF1	-0.660377568	6.74007528	1.88E-09	1.45E-08
PNISR	-0.865799747	6.926953408	1.63E-16	2.67E-15
FIGNL1	-0.638867889	5.846123534	3.68E-10	3.13E-09
ITGB4	1.371196877	8.959591323	9.22E-58	1.14E-55
WBP2	0.920618507	6.945772406	2.67E-21	6.35E-20
H3F3B	0.45723816	9.370504873	1.36E-09	1.08E-08
ZRANB2	-1.128075655	7.993812956	4.86E-38	2.78E-36
DLG4	-1.003869595	4.856711077	1.43E-17	2.56E-16
PCED1A	-1.06035352	5.58268622	4.97E-23	1.34E-21
PCNA	-0.94768655	6.992295859	2.40E-24	7.00E-23
RIN2	0.967362312	5.57872341	5.10E-18	9.52E-17
KIAA0907	-0.953411088	7.260960815	1.48E-16	2.44E-15
DCAF8	-0.788536077	6.353081971	2.11E-10	1.85E-09
SYT11	0.744786835	6.453686167	1.63E-13	2.00E-12
NASP	-0.585466363	7.291277999	1.69E-11	1.67E-10
LPIN3	-0.932532622	4.234666935	1.73E-13	2.11E-12
FBXO44	-1.314012727	3.386116915	8.66E-17	1.45E-15
USPL1	-0.677968006	5.573281232	9.68E-13	1.09E-11
WASF3	-0.856319557	5.123386858	7.68E-16	1.17E-14
DCLK1	3.063562218	0.818674598	1.02E-16	1.69E-15
CNDP2	0.611953193	5.855331218	2.60E-09	1.97E-08
ZNF767P	-1.386941045	5.234159113	1.49E-17	2.65E-16
C12orf29	-0.620313228	5.084146224	3.05E-09	2.28E-08
SWAP70	0.616254583	6.179310285	2.87E-12	3.07E-11
AMPD3	1.567444933	5.519730118	4.13E-43	2.98E-41
MICAL2	0.815969541	5.888724329	8.31E-17	1.40E-15
C14orf1	0.820630446	5.01901067	1.62E-12	1.78E-11
C14orf159	-1.047418971	4.366162351	7.21E-17	1.22E-15
TTC9	1.664076476	3.033912601	1.56E-22	4.09E-21
LOXL2	1.183383249	2.713594234	1.76E-11	1.73E-10
CCNB1	0.696717825	6.549199976	1.60E-09	1.25E-08
IRAK2	1.475740847	4.910853095	1.63E-40	1.06E-38
BHLHE40	1.380040499	7.376361339	8.62E-51	8.20E-49
PTPN22	-0.947350758	3.5063373	1.34E-11	1.33E-10
NOTCH2	1.653471329	4.162303712	7.15E-32	3.08E-30
SPIRE1	0.509127083	6.994076757	9.90E-10	7.96E-09
IL6ST	0.820084691	5.88085397	1.18E-14	1.61E-13
NAV1	1.391137688	7.40718039	6.76E-43	4.85E-41
EMP1	4.975446471	6.758362607	0	0
SPOCD1	2.229474744	0.690551258	6.59E-10	5.41E-09
PHC2	0.871053272	7.165839522	8.97E-24	2.56E-22
CDCA8	0.879268437	4.97958818	2.41E-14	3.17E-13
HOOK1	-0.774426622	6.604753377	2.55E-20	5.77E-19
FADS2	1.202844556	4.443307655	2.41E-16	3.85E-15
ARGLU1	-1.710568389	8.864678255	5.11E-27	1.75E-25
BIVM	-0.595021192	6.4976019	1.10E-10	9.99E-10
ETS1	3.143656321	7.044413447	4.63E-215	1.69E-211
OSTF1	1.090375715	4.544731225	3.10E-18	5.94E-17
RFK	-0.583524651	5.381184603	1.58E-09	1.23E-08
ANXA1	2.569491346	3.580890042	1.40E-52	1.47E-50
ADAM19	1.387645171	6.123626018	4.37E-49	3.88E-47
CCNJL	1.044958693	3.929493193	3.45E-14	4.47E-13
TES	0.739234833	7.170259284	1.86E-17	3.30E-16
CD63	0.615821372	8.42918439	1.08E-12	1.21E-11
GLS2	-0.945780512	4.99272722	1.47E-19	3.15E-18
B4GALNT1	1.40457973	4.472058631	7.38E-31	2.94E-29
COQ10A	-0.795044503	4.006505021	3.50E-10	2.99E-09
KRT7	2.724034438	4.764381328	5.76E-97	2.06E-94
NHSL1	0.554559596	7.137788294	2.28E-09	1.74E-08
DYSF	4.886939139	1.033058292	1.93E-28	7.10E-27
FHOD1	-1.042231916	4.99380693	2.19E-16	3.51E-15
SLC9A5	-1.25021661	3.110971544	3.13E-15	4.50E-14
DNAJB2	1.101419064	5.031678003	3.49E-24	1.01E-22
CYP27A1	0.895817204	3.683704808	2.48E-09	1.88E-08
ARHGEF4	1.707721545	6.582513825	1.57E-60	2.15E-58
ALDH1L2	-0.909380447	4.169689945	1.75E-13	2.13E-12
FLNB	1.741998002	9.737888967	7.21E-83	1.68E-80
NEK3	-0.919133608	4.016932384	2.14E-12	2.32E-11
THSD1	1.600798489	3.228231087	1.62E-21	3.90E-20
RCBTB1	-0.624015384	6.39210606	1.20E-09	9.57E-09
LMO7	0.508245041	8.840127762	6.30E-12	6.47E-11
SCEL	5.612375282	3.559943469	9.06E-127	5.53E-124
SPRY2	-0.607759906	5.927362167	8.55E-11	7.84E-10
LCP1	1.072801501	9.398840813	1.40E-25	4.45E-24
SETDB2	-0.721486314	6.059107133	1.46E-14	1.97E-13
CHST12	-0.928178458	4.537999892	2.33E-15	3.39E-14
NUPL2	-0.931490653	5.861076726	9.90E-13	1.12E-11
NACAD	1.855930303	1.401065684	9.19E-13	1.04E-11
LIMD2	1.637069877	3.147319781	1.26E-23	3.57E-22
GALNT5	1.243246911	6.954697885	1.44E-41	9.69E-40
DNAJC1	0.749345227	4.895486301	1.66E-11	1.64E-10
LRRC8A	1.443798684	7.290382765	3.86E-57	4.56E-55
RALGPS1	-1.280245165	3.346411646	4.83E-18	9.05E-17
FAM129B	0.983908189	7.310519872	4.55E-25	1.40E-23
DAB2IP	0.760130883	4.770694235	3.19E-11	3.04E-10
SLC31A2	1.428304015	2.174469038	1.02E-11	1.02E-10
IL11RA	-1.423656474	3.715252163	2.33E-26	7.74E-25
TLN1	0.928357437	8.246882007	1.57E-22	4.11E-21
DNAJB5	2.00171414	1.270767387	3.96E-12	4.17E-11
KIF13A	0.83927487	5.182761216	4.14E-15	5.90E-14
TUBB2A	1.655243179	3.523087666	3.93E-19	8.09E-18
UQCC2	-0.785924796	4.030175359	4.78E-10	4.01E-09
HMGA1	1.704265287	10.15279599	1.03E-45	7.99E-44
FGFBP1	2.294467812	1.232773694	6.63E-13	7.61E-12
TTC29	3.561272045	0.955710329	2.07E-20	4.73E-19
MYO7A	-1.387440596	3.094201772	1.43E-19	3.07E-18
CREBZF	-1.18432941	7.596406274	2.70E-16	4.29E-15
TTPA	-1.605991911	3.428170008	1.13E-27	4.04E-26
SLCO5A1	1.162451098	2.541612171	1.08E-09	8.63E-09
SDCBP	1.094245893	6.315155973	4.23E-18	7.97E-17
SORL1	-0.745725572	8.852962401	5.54E-18	1.03E-16
TRIM29	1.189257986	5.831925758	5.75E-19	1.17E-17
CASC5	0.663864683	6.029394174	2.98E-11	2.86E-10
ITPKA	1.803391486	2.847164938	5.45E-21	1.27E-19
UACA	1.205241887	5.794797765	1.67E-35	8.64E-34
STRA6	-1.249648181	5.701016116	3.85E-38	2.24E-36
BCAR3	1.134470167	3.943275698	1.20E-17	2.17E-16
TTLL7	-0.696747104	4.872637967	1.27E-10	1.14E-09
ARHGAP29	1.069868918	5.691513664	1.23E-29	4.74E-28
SLC44A5	-1.019223668	4.354191653	1.32E-14	1.79E-13
CGREF1	-0.766547785	6.067083393	2.11E-15	3.10E-14
KHK	-1.025805721	3.121644253	2.29E-10	2.00E-09
ADCY3	-0.505486705	6.297431379	3.68E-09	2.71E-08
MYOF	1.379211415	8.513335046	9.47E-56	1.11E-53
TACC2	0.655479625	5.507896305	1.07E-09	8.56E-09
DUSP5	2.303905326	5.427553668	1.90E-46	1.51E-44
CEP55	0.772568368	5.634237738	1.69E-14	2.27E-13
DNAJC13	0.624949541	6.89850988	8.78E-13	9.97E-12
CARF	-0.90804657	3.798810078	6.25E-10	5.14E-09
SSFA2	0.516828653	7.955055773	8.70E-11	7.96E-10
SLC40A1	-1.407041142	2.966584952	3.92E-18	7.42E-17
TMOD3	0.505420119	7.025595697	1.48E-09	1.16E-08
APH1B	-1.429882406	1.955152127	7.78E-12	7.91E-11
SEMA7A	1.859181541	3.14178897	1.25E-27	4.47E-26
SEC31A	0.736954329	7.497871251	8.55E-18	1.57E-16
GPAT3	2.590943611	4.993645152	4.35E-84	1.04E-81
BMP2K	0.716716626	6.292679155	8.47E-16	1.28E-14
ANXA3	1.157311309	7.115927331	1.50E-33	7.11E-32
CENPE	0.899523124	5.044370834	3.20E-16	5.05E-15
LEF1	-1.492901715	3.553670865	1.22E-24	3.64E-23
B4GALNT3	-0.957310719	3.483792881	1.99E-11	1.94E-10
09-mar	-0.976823101	4.293803413	8.66E-16	1.31E-14
PHLDA1	1.006913693	10.21248269	3.00E-39	1.84E-37
LGR5	-2.140324354	6.161392822	4.59E-113	2.17E-110
DUSP6	-0.695493002	6.732230856	1.75E-12	1.92E-11
GAS2L3	0.865256285	5.251537309	1.00E-16	1.66E-15
SLC39A5	-2.845482022	2.645765219	4.67E-46	3.68E-44
N4BP2L1	-1.140545748	3.344331493	9.96E-15	1.37E-13
ITGB7	1.412450727	3.069187308	5.96E-17	1.02E-15
CSAD	-1.164617089	5.02769743	1.03E-13	1.28E-12
LPAR6	-2.228031618	2.753265083	6.12E-33	2.77E-31
VPS37B	0.737107679	6.391543395	2.02E-16	3.27E-15
RHOF	2.125588531	6.60114998	2.68E-94	8.91E-92
RAB20	-0.761715444	5.245781753	8.70E-14	1.09E-12
GRTP1	-2.372024266	2.294290858	1.54E-29	5.92E-28
SSTR1	-2.153568394	3.203692529	1.22E-37	6.89E-36
CDH24	-1.316612357	1.959396051	3.60E-10	3.07E-09
RAB15	-1.155042044	5.252854559	5.72E-26	1.86E-24
STON2	0.967334376	5.956915027	1.59E-23	4.46E-22
PTGR2	-0.750950178	4.295200423	2.88E-09	2.16E-08
JDP2	0.692662996	4.626412902	1.11E-09	8.89E-09
NEIL1	-1.976954739	3.36804287	1.73E-38	1.02E-36
MESDC1	1.044893135	5.752551344	5.40E-27	1.84E-25
PML	0.798127482	5.356013097	5.47E-15	7.69E-14
LINS1	-0.758107417	4.005778634	1.28E-09	1.01E-08
ABHD2	0.853222488	9.771350082	1.10E-25	3.50E-24
MFGE8	1.124415542	4.689756945	2.01E-23	5.60E-22
IQGAP1	0.902221535	8.404091926	3.47E-20	7.80E-19
EFTUD1	0.903107913	5.374626537	6.21E-15	8.68E-14
TGFB1I1	1.086162555	3.26257382	5.58E-13	6.43E-12
ZFHX3	0.687144313	8.075831818	8.32E-11	7.64E-10
NLRC5	1.31390903	4.6429946	4.92E-22	1.24E-20
KIFC3	0.636942301	6.072560442	1.43E-09	1.12E-08
ADAMTS18	-1.128639857	3.212803023	1.11E-12	1.24E-11
CMTM3	2.602180261	6.251833559	2.72E-131	1.81E-128
CDH13	-0.857951702	7.583185496	2.24E-18	4.36E-17
TLDC1	1.11261646	4.1432988	6.64E-16	1.02E-14
OSGIN1	1.857689694	3.10901772	3.36E-25	1.04E-23
NCOR1	0.480937866	8.318734734	1.87E-09	1.44E-08
SGSM2	-0.924493567	6.009443565	5.35E-17	9.15E-16
IMPA2	-0.786347188	4.345470064	5.53E-11	5.16E-10
RPRD1A	-0.600282704	6.042234	1.43E-11	1.42E-10
GAREM	0.806481774	3.934533098	1.21E-09	9.62E-09
OSBPL1A	-0.774170086	5.317079395	3.56E-14	4.61E-13
NPC1	1.665346862	7.150283067	8.98E-82	2.02E-79
ARRB2	-1.140791823	4.543667697	2.62E-16	4.17E-15
ARHGDIA	0.750528527	8.90648433	7.18E-13	8.21E-12
TMC6	0.935969241	5.81287586	3.12E-13	3.70E-12
SLC16A3	0.713621084	7.737828693	4.00E-18	7.55E-17
RAB40B	-1.737975696	3.440663359	2.33E-31	9.60E-30
GRB7	-0.588373921	5.501651127	9.38E-10	7.56E-09
NA	-1.75893457	3.24590225	4.41E-29	1.68E-27
TPGS1	1.182480858	2.941124642	6.20E-12	6.38E-11
PFKL	-0.682308429	6.288555424	2.74E-12	2.94E-11
SH3GL1	0.792246462	5.738289437	3.46E-13	4.09E-12
DPP9	1.058797421	6.776432979	2.78E-36	1.51E-34
ATHL1	-1.875744627	2.489754441	1.67E-22	4.34E-21
EMP3	0.913039963	4.557735039	4.62E-10	3.89E-09
ERVK3-1	-1.174564235	4.197669174	9.94E-11	9.06E-10
KLK3	-1.071984137	2.642760891	1.56E-09	1.22E-08
EPHA2	1.154406118	7.82231436	6.80E-47	5.53E-45
MYOM3	-1.483217789	1.366348675	4.10E-09	3.00E-08
SH3BGRL3	1.747574787	6.953357316	9.95E-35	5.01E-33
SYTL1	-1.146289544	4.380873352	9.15E-22	2.25E-20
BCL10	0.65014978	4.816278585	3.74E-09	2.75E-08
PIGK	-0.733137034	5.110720799	1.46E-10	1.31E-09
KIF2C	1.067949214	5.557299298	5.82E-20	1.28E-18
SLC44A3	-1.164871409	3.70752805	2.99E-17	5.19E-16
ZNF697	0.740426169	7.169720396	8.11E-16	1.23E-14
CTTNBP2NL	0.855396778	5.418259763	2.21E-17	3.88E-16
CELSR2	-1.264460469	5.14459763	1.70E-31	7.14E-30
CREG1	-1.247735725	7.158144076	6.86E-34	3.29E-32
PFDN2	0.687076888	6.519625662	2.88E-15	4.16E-14
PIGM	-0.816234693	5.361867621	1.12E-15	1.68E-14
CRABP2	-1.173324862	3.328469406	2.27E-15	3.32E-14
RORC	-3.27449843	3.30493764	9.80E-82	2.18E-79
ECM1	2.305165812	3.132665503	1.60E-42	1.12E-40
MCL1	0.756865157	8.488092916	9.96E-25	2.99E-23
ANXA9	-1.963358267	1.590668922	8.02E-15	1.11E-13
DUSP10	1.828554467	2.1485441	4.05E-16	6.29E-15
LYST	1.238159246	5.110944746	8.16E-29	3.05E-27
MBOAT2	0.53420544	7.877009125	1.00E-11	1.01E-10
PSEN2	0.766487182	4.60161717	1.26E-11	1.26E-10
RHOB	1.077999969	6.978045522	4.92E-36	2.59E-34
ZNF514	-0.982544052	4.606465614	9.30E-13	1.05E-11
MALL	3.447957128	-0.081900579	3.24E-09	2.41E-08
RALB	0.771930354	6.168239442	2.49E-13	2.98E-12
NT5DC4	1.924314738	1.005430822	3.57E-09	2.63E-08
ZC3H8	-0.752329925	5.675740741	4.50E-14	5.76E-13
CDCA7	-0.784788484	6.74934272	5.98E-21	1.40E-19
GULP1	2.38465575	2.184628479	9.98E-27	3.38E-25
HES6	-0.843449635	6.01031958	1.40E-19	3.00E-18
OSBPL10	0.695184826	5.840587576	3.34E-14	4.35E-13
CSRNP1	0.856787298	3.975636968	2.53E-09	1.91E-08
CTDSPL	-0.656336797	6.694801284	1.59E-14	2.14E-13
COL8A1	1.585098223	1.970009538	1.36E-10	1.22E-09
LPP	0.808326525	8.207272315	9.82E-22	2.41E-20
RUBCN	0.707981956	5.567861839	1.96E-12	2.13E-11
AMT	-1.697255391	4.028111096	3.99E-36	2.11E-34
MANF	0.671530105	6.134497951	1.11E-09	8.83E-09
TM4SF19	3.58064979	1.847723488	6.36E-35	3.21E-33
VWA5B2	-3.236682791	2.427777859	1.07E-48	9.29E-47
TBCK	-0.767831995	4.014808385	2.21E-09	1.68E-08
RPS3A	-1.079553837	5.055050405	1.39E-24	4.16E-23
06-mar	-0.644319513	8.570892079	7.18E-18	1.32E-16
SKP2	-0.607823659	5.613850799	5.85E-10	4.85E-09
PLK2	2.269668265	4.595806416	4.87E-68	7.93E-66
LHFPL2	0.813616741	5.905917849	2.13E-17	3.74E-16
PAM	-0.822034702	8.576099971	2.63E-21	6.28E-20
FEM1C	0.920051245	6.394141381	1.13E-24	3.39E-23
RNF145	-0.639416543	6.157397234	1.38E-13	1.70E-12
TNIP1	1.007991386	6.211912102	7.56E-23	2.01E-21
CPLX2	-1.579565205	5.557503958	2.63E-51	2.56E-49
PSD2	-2.838900198	4.736686549	1.76E-117	8.87E-115
TNFRSF21	0.784391579	5.278956723	3.63E-14	4.70E-13
NFKBIE	1.157985022	3.298951267	2.53E-13	3.03E-12
IRAK1BP1	-0.8541874	4.163397774	3.49E-12	3.69E-11
PM20D2	-0.544181491	6.885190474	2.12E-10	1.86E-09
VWDE	-0.830412973	4.934883584	5.12E-12	5.31E-11
CREB5	3.022021198	4.662505499	5.28E-111	2.42E-108
IGFBP1	1.386020402	6.210063819	2.57E-27	8.95E-26
GIGYF1	-0.76015993	6.717071574	2.18E-09	1.66E-08
MEPCE	0.576527407	6.08100997	8.99E-11	8.22E-10
CNPY1	-1.053015892	5.446297294	1.18E-21	2.87E-20
SH3KBP1	1.231894219	7.429665	1.04E-25	3.31E-24
MSN	0.968305832	9.613073744	1.09E-19	2.35E-18
EBP	1.289487703	6.332726629	1.60E-39	9.93E-38
OGT	-1.77773633	10.70407678	4.60E-24	1.33E-22
ZNF711	-0.769686868	5.973627917	1.74E-15	2.57E-14
MFHAS1	0.718904298	6.979680462	9.18E-18	1.68E-16
FBXO25	-0.873528547	5.64156732	1.45E-20	3.35E-19
NSDHL	0.983919482	4.031078738	6.15E-12	6.33E-11
ZNF185	1.542933618	1.822201944	1.10E-10	9.98E-10
DOCK5	0.797324926	7.054831476	3.04E-11	2.91E-10
ST18	-3.437074388	5.279859151	6.22E-159	7.59E-156
TACC1	0.714914534	7.519693256	9.65E-20	2.09E-18
AK3	-0.817408578	6.811022183	1.46E-18	2.89E-17
PLIN2	1.406187339	7.271103192	3.39E-39	2.07E-37
GSN	1.003988101	4.424427902	2.04E-16	3.29E-15
RPL7A	2.088954636	5.309937712	2.63E-51	2.56E-49
GTF3C5	0.580203061	5.84807962	5.87E-10	4.87E-09
C9orf142	-0.942060647	4.185941236	2.83E-12	3.03E-11
PROSER2	0.846610222	3.968538461	6.62E-10	5.43E-09
A1CF	-1.159127908	4.073930352	6.63E-21	1.54E-19
ADIRF	-1.098882257	4.053041495	3.93E-18	7.43E-17
MKI67	0.990829453	8.271422112	3.07E-27	1.06E-25
CYP17A1	-1.38946674	2.20503396	1.91E-12	2.08E-11
ITPRIP	1.254286697	5.375876472	8.00E-32	3.42E-30
BTBD10	0.853126944	5.442569881	1.44E-15	2.14E-14
TNKS1BP1	0.570256604	7.542954275	1.20E-12	1.34E-11
SESN3	-1.114395949	8.15998489	4.90E-44	3.62E-42
CCDC82	-0.670458825	6.896082113	6.30E-11	5.83E-10
PAK1	0.959729192	6.355090132	2.77E-18	5.34E-17
AASDHPPT	-0.486997079	7.10290821	2.73E-09	2.06E-08
GLB1L2	-1.463767643	5.476726195	3.45E-47	2.84E-45
GRIK4	1.187021262	2.455528668	2.64E-10	2.28E-09
FADS1	0.899383103	7.813440663	1.60E-20	3.67E-19
INCENP	0.615480719	5.9456129	1.92E-10	1.70E-09
MPZL2	1.506012054	5.133129422	2.54E-42	1.77E-40
TAGLN	1.373396256	3.724052862	1.94E-19	4.10E-18
SPATA25	-1.283307801	2.262898556	1.05E-10	9.53E-10
HMGA2	1.320868957	5.278274546	4.31E-38	2.49E-36
LATS2	1.08587005	4.775296321	2.64E-20	5.97E-19
HNMT	-2.066788602	1.044500221	5.44E-12	5.61E-11
PRSS23	2.340106727	2.830657475	2.01E-33	9.38E-32
PIP4K2A	0.860849816	6.284893972	1.70E-17	3.02E-16
SEC24D	0.725703356	5.570222921	1.57E-13	1.92E-12
UBC	0.962451904	8.625307318	2.84E-13	3.38E-12
SLC7A11	0.857512815	7.591556298	7.28E-24	2.08E-22
NOCT	0.995828919	3.147174951	5.26E-10	4.39E-09
AKR1C2	-1.233421359	2.995309509	8.23E-13	9.38E-12
PIGF	-0.855210436	3.860347791	2.41E-10	2.10E-09
INPP1	0.930381665	4.964437843	1.57E-18	3.10E-17
ASAP2	0.540876761	6.731640106	6.09E-10	5.02E-09
ADAM17	0.810351891	6.59711636	4.90E-19	1.00E-17
ACSL1	1.208666238	6.604251855	2.28E-34	1.13E-32
NBAS	0.69512102	6.395879149	2.72E-12	2.92E-11
C5orf28	-0.618202529	5.047362005	1.57E-09	1.22E-08
DST	1.418588167	9.576619331	1.39E-40	9.06E-39
TMEM56	-0.805023456	4.934516232	3.01E-14	3.92E-13
TMEM178A	-2.149532955	1.383735246	3.28E-14	4.27E-13
TGOLN2	-0.480140706	7.681848922	2.97E-09	2.23E-08
HOMER1	0.603015316	6.263421145	5.36E-10	4.47E-09
PFKM	-0.5956202	7.007491375	3.76E-13	4.43E-12
TMEM123	-0.568648312	9.717844041	3.48E-12	3.68E-11
SPEF2	-1.480495926	3.513325385	1.31E-21	3.18E-20
SLC30A6	-0.578386016	5.465260258	1.64E-09	1.28E-08
FARP1	0.632165814	7.937983485	1.18E-14	1.61E-13
BCL2L11	-0.886119291	5.44044615	4.19E-19	8.58E-18
NR4A2	-0.868791359	4.332028008	1.54E-13	1.89E-12
SCN3A	-2.505453671	2.162094504	3.31E-32	1.45E-30
SLC25A27	-1.972575142	4.663449786	6.57E-16	1.01E-14
ASAP1	0.688383337	6.021367383	1.31E-14	1.78E-13
INO80C	1.109816658	3.628426947	2.92E-14	3.82E-13
ADPRHL1	2.423792603	4.799341574	5.05E-91	1.45E-88
SEMA3D	-0.742796888	5.482119891	1.31E-13	1.62E-12
TBCEL	-0.694217468	5.938748162	1.40E-12	1.55E-11
UBASH3B	1.29249304	4.069427569	4.71E-22	1.19E-20
FAM134B	-1.509160359	3.422253409	2.98E-25	9.27E-24
PITPNC1	1.211237239	4.952363916	1.78E-20	4.08E-19
SH3RF1	0.816620626	5.593410585	1.37E-14	1.85E-13
PDLIM3	0.915940282	4.116860003	4.04E-11	3.81E-10
APCDD1	-2.362596462	6.993056001	1.54E-142	1.33E-139
PI4K2A	0.884994534	4.846818	7.30E-16	1.11E-14
GOLGA7B	2.282663906	4.100164036	2.16E-57	2.62E-55
HSPA13	-0.60061231	6.757226046	7.90E-11	7.27E-10
RHOC	1.182500473	5.433627937	1.37E-26	4.59E-25
C10orf12	1.161740448	4.962607305	3.36E-15	4.81E-14
DEPTOR	-1.381517956	2.819753783	2.11E-14	2.81E-13
RAET1L	2.57634657	2.837812419	2.03E-39	1.25E-37
KIF5A	-0.915260959	4.461280682	2.44E-14	3.22E-13
PSD3	0.88323767	6.499133334	3.41E-16	5.36E-15
ELMSAN1	0.639098935	6.354152097	7.54E-12	7.68E-11
BATF	1.389162859	3.261511841	1.28E-18	2.55E-17
NDUFAF6	-0.902612093	4.224789459	1.03E-12	1.16E-11
N6AMT1	-1.010653604	4.915414991	5.91E-20	1.30E-18
TIAM1	1.542444221	4.717260876	1.38E-31	5.79E-30
HKDC1	1.607134862	6.66567439	2.42E-68	3.99E-66
HK1	0.881291768	7.111795427	3.46E-16	5.44E-15
CD109	0.856859826	5.890708762	1.12E-19	2.40E-18
RAB11FIP1	0.650125383	6.753322048	1.25E-12	1.39E-11
MAPK13	-0.602955426	6.916592206	5.43E-11	5.08E-10
FBXO32	1.942548036	3.732710821	4.46E-44	3.32E-42
B3GNT7	2.057237686	0.884320302	2.92E-10	2.50E-09
EIF4A2	-0.657831764	9.119161558	8.52E-12	8.62E-11
SEC13	0.5737051	6.15064172	2.15E-09	1.65E-08
RBPMS	1.019179306	4.23881375	4.63E-15	6.56E-14
MMP14	2.462979528	4.708083393	1.43E-80	3.08E-78
TMED6	-1.542246011	1.630385099	2.73E-10	2.34E-09
CACNA1D	-2.019921315	1.202739585	8.97E-13	1.02E-11
CCNB2	0.794742284	5.158221822	1.99E-10	1.75E-09
MYO1E	1.194328777	7.100081008	1.24E-38	7.32E-37
MUM1L1	2.189895227	5.224796736	5.53E-86	1.42E-83
ETS2	-0.617918221	6.767261436	1.02E-12	1.14E-11
AGAP1	1.074969641	7.230078091	8.15E-28	2.93E-26
RHPN1	-1.931990224	4.984289812	4.93E-18	9.23E-17
WASF2	0.539489006	7.734937603	1.06E-10	9.67E-10
ABHD3	0.809587535	4.802016353	2.65E-10	2.28E-09
ESYT3	-1.192066666	3.269263099	3.81E-15	5.43E-14
HIST1H2BD	1.421310219	2.995139515	1.25E-15	1.86E-14
DYNC1I1	3.287775083	2.544693557	1.39E-50	1.32E-48
COPG2	0.718410878	5.354846963	1.26E-12	1.40E-11
CDA	3.763591568	3.626752346	6.04E-96	2.11E-93
PINK1	1.676964025	5.04444372	1.02E-45	7.92E-44
LAD1	1.17280996	7.606163776	3.62E-25	1.12E-23
ATP13A2	0.673975302	5.972743642	3.71E-13	4.38E-12
SPON2	1.078565406	5.347721014	2.89E-26	9.56E-25
ZYX	1.285189518	6.763910205	3.32E-36	1.78E-34
VMA21	-0.609779435	6.869290273	1.56E-12	1.71E-11
ABCG1	-2.180651902	3.194894406	8.81E-43	6.26E-41
SLC37A1	0.895525992	4.099126671	1.58E-12	1.74E-11
LSS	1.436840828	2.971729687	7.12E-17	1.20E-15
MPZL3	0.790790213	5.29377645	1.54E-15	2.29E-14
IL6R	2.411215134	6.06921545	7.89E-123	4.28E-120
FDPS	0.61748027	6.806105629	8.29E-12	8.40E-11
LMNA	1.296817256	8.109994229	2.47E-41	1.64E-39
NBEAL2	-1.376235371	6.177438905	7.03E-40	4.46E-38
IER2	0.522029298	6.382286181	2.72E-09	2.05E-08
C5orf45	-1.244735748	4.600115546	1.40E-20	3.23E-19
SQSTM1	1.857545774	9.45168825	1.37E-92	4.28E-90
PGAP3	-1.240867687	3.275314736	2.32E-16	3.70E-15
SRSF2	-0.739716015	8.275579597	7.34E-10	5.98E-09
ZNF577	-1.418011712	3.459318429	2.32E-19	4.86E-18
ITGA5	0.958423181	5.442773523	2.12E-20	4.83E-19
ZNF385A	0.767036267	4.749071238	1.13E-11	1.12E-10
SHANK1	-1.038052872	2.806241126	7.11E-11	6.56E-10
PLCD3	1.748764758	7.400164522	1.30E-72	2.42E-70
WDR90	-1.401548552	4.498437403	1.21E-09	9.59E-09
CCDC78	-1.127426868	2.990190806	3.72E-10	3.15E-09
CCNF	0.933547482	5.057451396	1.43E-18	2.85E-17
LRP5	-0.610662475	8.793809344	2.59E-14	3.40E-13
PLPP3	-0.698717149	5.477470104	4.38E-12	4.57E-11
KLHL21	0.589879959	6.110242211	5.87E-11	5.45E-10
AK4	-0.748094045	5.331364038	1.69E-11	1.67E-10
JAK1	0.552427425	7.647795654	7.55E-10	6.13E-09
KIAA1522	0.611865347	6.426784001	1.15E-11	1.15E-10
TM2D1	-0.725454413	4.872717691	8.56E-11	7.85E-10
PEA15	0.947455898	5.780466809	1.69E-16	2.76E-15
ATF3	0.762522943	4.462332947	1.24E-09	9.79E-09
IER5	0.886974298	5.103278549	3.75E-17	6.45E-16
CAPN2	1.639695763	8.619708803	2.22E-71	3.87E-69
KCNF1	2.081334047	1.524105042	3.98E-14	5.12E-13
PRORSD1P	-1.532449656	1.986970582	4.58E-12	4.77E-11
ADCK3	-0.672169651	5.699250165	4.51E-12	4.71E-11
NEURL3	3.142517328	1.223957325	6.79E-17	1.15E-15
S100A11	2.181285258	7.815622516	2.57E-57	3.06E-55
DCAF16	-0.704149971	7.164223777	2.81E-15	4.06E-14
PAQR3	0.694490014	5.917226509	4.81E-14	6.14E-13
GPR155	-2.189412551	7.879813948	5.40E-143	4.94E-140
POGLUT1	-0.825381192	5.274490149	1.80E-16	2.93E-15
IGFN1	2.343180354	2.805428921	3.76E-16	5.87E-15
EIF4E3	2.143863116	1.261177998	4.49E-13	5.24E-12
SERPINI1	-0.713179241	5.167950032	2.68E-12	2.88E-11
ADAMTS9	3.495963947	2.011924456	5.16E-36	2.71E-34
CCNL1	-1.138578626	7.09858301	1.18E-19	2.54E-18
TTC14	-1.317089156	5.857042657	1.04E-12	1.17E-11
MTHFD2L	-1.273377977	4.737955918	3.39E-19	7.01E-18
TOPBP1	-0.597473729	6.721705203	1.62E-11	1.60E-10
DNAJC5G	-2.182431603	1.003992309	1.07E-12	1.20E-11
CDCP1	0.58273286	8.424015314	6.55E-12	6.72E-11
DTX3L	0.57119097	6.352420089	1.97E-10	1.73E-09
NMNAT3	-0.715798118	4.168275624	3.78E-09	2.78E-08
S100P	0.630009491	6.074159925	2.18E-09	1.66E-08
SGMS2	1.114313585	4.552485398	5.13E-20	1.14E-18
PLXNB1	-0.800029251	7.430689359	2.97E-13	3.53E-12
CAMKV	-1.494989004	4.515866606	8.31E-33	3.74E-31
ANXA5	1.014452609	7.082636795	7.23E-17	1.22E-15
ITGA2	2.629555881	7.485429119	5.38E-157	6.07E-154
TMEM161B	-0.78046795	5.499121413	3.12E-12	3.31E-11
LMBRD2	-0.664172717	5.734142884	4.25E-11	4.00E-10
STARD4	0.742445092	5.598489552	5.72E-11	5.32E-10
F2RL1	1.204556214	5.190274133	9.22E-29	3.44E-27
ANKRA2	-0.741552244	4.248869754	3.13E-10	2.68E-09
CCDC127	-0.630830199	5.143100048	1.31E-09	1.03E-08
FOXQ1	0.877757839	7.138403061	1.72E-24	5.10E-23
CITED2	1.086483892	4.006379666	3.64E-16	5.69E-15
STK17A	1.085387191	5.017184069	8.85E-25	2.67E-23
TRA2A	-0.698596478	6.639771167	3.10E-11	2.96E-10
GALNT10	-0.869333086	3.696429525	1.13E-10	1.02E-09
PTTG1	0.880244049	5.046239413	7.11E-13	8.14E-12
STEAP1	1.087816855	5.51636654	9.37E-27	3.18E-25
CDCA7L	-0.529166317	7.24746556	2.42E-10	2.11E-09
BRI3	0.631418134	5.270028527	2.06E-09	1.58E-08
CSMD3	0.674516783	5.858493874	1.98E-11	1.93E-10
NOS3	2.780584529	1.662014146	2.93E-23	8.04E-22
YWHAZ	0.621885828	8.994353052	1.84E-11	1.81E-10
TP53INP1	2.51251021	1.811893818	2.86E-25	8.90E-24
FREM1	-4.826242657	4.121920267	7.48E-179	1.37E-175
GEM	3.722010655	1.176372518	2.41E-27	8.43E-26
PDP1	1.253704707	5.288270234	1.17E-34	5.86E-33
KIAA1161	-0.877999691	5.501266326	2.96E-20	6.67E-19
PSIP1	-0.593175061	6.904822162	1.94E-09	1.49E-08
ABCA1	-1.978027868	0.553365341	3.27E-09	2.43E-08
NFIL3	0.709209075	5.08398925	2.94E-09	2.20E-08
LETM2	1.527296234	2.875207474	2.87E-17	4.99E-16
KDM1B	0.678494992	6.338894118	1.95E-14	2.60E-13
DYNLT3	1.154609366	6.089787198	2.91E-30	1.15E-28
PCDH19	-1.284459571	4.001767727	1.45E-22	3.80E-21
WNK2	-0.862048022	6.121934659	6.83E-16	1.05E-14
ZNF367	-1.059159386	4.118421468	3.36E-18	6.41E-17
AQP7	-2.116143164	1.925448917	1.76E-21	4.23E-20
PGM2L1	1.252762494	4.959633914	3.92E-27	1.35E-25
PHYHIPL	-0.804816772	6.879980911	2.91E-16	4.63E-15
INPPL1	-0.576211751	6.936677479	7.28E-10	5.93E-09
CDX2	-1.154526136	4.643074662	2.51E-22	6.48E-21
FAAH2	-0.946282438	3.106105698	1.08E-09	8.63E-09
PDZD8	0.465802931	8.490486417	3.59E-09	2.64E-08
PRDX3	-0.523824891	7.537254943	1.57E-10	1.40E-09
FAM69B	-1.266995594	3.199503469	9.18E-16	1.38E-14
NDRG2	-1.867961536	2.088301893	1.23E-19	2.63E-18
CCDC186	-0.563986214	6.313400452	4.25E-10	3.59E-09
VWA2	-1.380569335	5.285152037	1.32E-27	4.70E-26
METTL3	-0.619890589	6.117777313	2.07E-09	1.58E-08
ZFYVE1	0.821828598	4.453744129	1.94E-10	1.72E-09
UBTD1	1.218612965	2.670461023	6.20E-10	5.10E-09
E2F7	1.774125973	5.179283331	1.09E-58	1.43E-56
GYLTL1B	-0.793470878	6.185516858	2.00E-14	2.66E-13
ABTB2	1.579003964	3.853078887	2.16E-27	7.55E-26
LIPC	-2.580457477	3.421635486	1.73E-59	2.31E-57
TCP11L2	1.103917541	5.012781966	3.85E-22	9.78E-21
ADAMTS15	1.643418669	2.016428088	1.35E-13	1.66E-12
AMN	-1.656525628	1.961679463	8.58E-15	1.19E-13
LARP6	0.751338597	5.262651223	1.51E-12	1.67E-11
SMPD1	0.90753975	4.760976549	1.35E-13	1.67E-12
ILK	0.664812098	6.597671338	3.44E-09	2.55E-08
CYB5A	-1.035081698	3.133270062	1.09E-10	9.89E-10
USP54	0.672420388	6.316831044	5.19E-12	5.36E-11
PPFIBP2	-1.906434032	2.207535973	7.16E-20	1.57E-18
SERPINB8	2.075997986	3.223492093	1.86E-35	9.60E-34
WDR72	-0.557456738	6.41568626	1.72E-09	1.33E-08
ZMAT1	-2.506319183	0.832006126	2.49E-12	2.69E-11
ZNF143	0.790197967	4.747411643	4.84E-13	5.61E-12
BEAN1	0.819850536	5.755794516	5.84E-11	5.44E-10
ZCCHC18	-1.119229226	2.900985588	9.81E-11	8.95E-10
SLFN5	1.657656564	4.844406649	8.71E-47	7.05E-45
FAM111A	-0.75771527	5.816828328	1.68E-15	2.49E-14
NAV2	1.301215143	9.677913528	5.43E-35	2.75E-33
PLK1	1.423590632	5.858597104	4.86E-39	2.91E-37
CNPY4	0.965766181	3.6573752	1.50E-11	1.49E-10
FAM102A	1.89419463	7.001508952	8.12E-94	2.64E-91
SLC27A4	1.318394285	5.889738601	8.18E-36	4.25E-34
IGF2	2.083795816	2.292690624	3.11E-22	7.96E-21
ENGASE	-0.812848823	4.689762922	1.51E-10	1.34E-09
MYO5B	1.753411012	5.520191967	3.62E-54	4.04E-52
IRGQ	0.768941703	6.492214691	4.21E-12	4.41E-11
TPM4	1.051980457	8.864319444	5.25E-29	1.98E-27
MIDN	0.728340041	6.497945489	6.06E-14	7.68E-13
GATAD2A	0.659586414	7.353791285	6.36E-13	7.32E-12
MVD	1.628460196	4.647808974	5.92E-42	4.05E-40
TUBA1A	1.638106759	6.719196764	1.11E-62	1.58E-60
TUBA1C	0.947973809	8.120841121	2.22E-22	5.76E-21
CYP2S1	1.058939289	5.487091932	2.30E-16	3.68E-15
AXL	1.839810994	5.375461919	2.30E-50	2.12E-48
TMEM145	-1.645018586	1.258963167	9.47E-10	7.63E-09
DAPK3	1.028995122	5.035310201	2.92E-21	6.93E-20
SEMA6B	-2.380376174	2.773840591	4.71E-32	2.05E-30
KIFC2	-1.993206999	3.973135539	4.47E-45	3.43E-43
TRPV3	2.753178525	2.491766687	1.61E-33	7.61E-32
KLK11	3.075209316	0.781205419	8.91E-16	1.34E-14
KRT80	1.458452213	7.848370503	1.12E-52	1.19E-50
SPRYD3	0.872131435	6.117511526	3.67E-16	5.73E-15
IGFBP6	0.788022162	5.058684635	2.64E-10	2.28E-09
SOAT2	-1.778929835	1.469800007	1.78E-12	1.94E-11
CDK2AP2	0.69387281	5.406041265	1.41E-10	1.26E-09
TMC8	1.079407572	3.863829672	1.75E-14	2.35E-13
BEST1	0.870340526	3.851822724	2.43E-10	2.11E-09
FTH1	1.236223768	9.642752775	3.30E-29	1.26E-27
ATG16L2	-1.199486924	3.491838886	4.09E-14	5.25E-13
FADD	0.740620018	5.317659643	1.32E-12	1.46E-11
NAALADL1	-2.392509402	1.357327435	1.81E-18	3.55E-17
NUDT16L1	-1.163318183	2.778106715	1.04E-11	1.04E-10
DDIT4	0.616210589	7.682916297	1.44E-14	1.95E-13
PCMTD1	-1.047854537	5.479636176	6.85E-22	1.70E-20
KCTD6	-1.079779407	3.131377184	4.10E-12	4.30E-11
KLHL30	3.316253847	1.102426021	2.91E-22	7.46E-21
HR	-1.098485662	3.462254441	1.13E-10	1.02E-09
RAB31	1.520317065	2.701678373	3.50E-17	6.03E-16
CCDC110	-1.635229593	1.620983632	2.99E-11	2.86E-10
SERINC2	1.438727674	5.38446785	4.13E-44	3.09E-42
AXIN2	-0.654649765	7.443255872	2.11E-16	3.40E-15
SLC16A4	1.3683674	2.436240398	2.97E-12	3.17E-11
CXXC4	-1.753214219	1.012141904	1.36E-09	1.07E-08
ANKRD49	-1.024712698	5.524278664	1.78E-14	2.38E-13
VAMP5	1.340801148	2.479995919	2.40E-12	2.60E-11
MAT2A	-1.137910069	9.261266275	2.58E-19	5.39E-18
LGALS9	1.98737075	1.997352517	3.58E-17	6.17E-16
UPF3A	-0.608264527	6.387668523	1.67E-09	1.29E-08
PCSK9	1.657557992	5.924569409	1.54E-62	2.16E-60
MN1	1.494966552	1.67722955	6.00E-10	4.96E-09
RAB3B	3.619219049	2.297147363	2.43E-54	2.74E-52
RGS14	0.897479422	4.866122572	1.99E-14	2.66E-13
THBS3	-0.728998776	4.24729772	4.07E-09	2.98E-08
SH3TC2	1.394144136	4.589211828	6.60E-25	2.01E-23
GPRIN1	0.705951668	5.507193477	1.40E-10	1.25E-09
PTAFR	2.160953666	1.715804062	4.01E-16	6.24E-15
CXCL8	2.307670058	3.714165373	2.72E-52	2.76E-50
RASSF6	-0.641573013	6.889439014	1.58E-11	1.57E-10
GPR183	0.896042156	3.681116595	8.95E-10	7.22E-09
ANTXR1	-0.58743647	6.345592527	5.33E-11	4.99E-10
LUZP1	0.706071635	5.608096885	3.58E-11	3.39E-10
BUB1	0.835266757	5.732893177	3.29E-15	4.72E-14
LRRC45	-1.99871886	4.950348454	2.52E-57	3.03E-55
STRA13	-1.206308623	5.309905593	4.33E-24	1.25E-22
ASPSCR1	-1.48847634	7.57784487	1.41E-47	1.17E-45
FASN	0.810258527	9.363910191	3.71E-17	6.38E-16
TM4SF1	0.519368889	7.951717124	3.61E-10	3.07E-09
ZFPM2	1.950899496	1.656659002	3.36E-14	4.36E-13
NLGN2	-0.711933169	4.50970151	3.26E-10	2.78E-09
TMEM154	2.818590509	3.448516934	4.08E-65	6.29E-63
MYRIP	-0.883303411	4.57601611	2.12E-14	2.82E-13
HNRNPA3	-0.56318451	8.226478859	6.30E-12	6.47E-11
CHRNB1	-0.721612586	5.470905357	3.07E-12	3.26E-11
FAM161A	-0.941479117	3.989506053	4.29E-13	5.02E-12
SLC30A1	-1.021216012	5.960230122	1.28E-27	4.57E-26
GPRC5C	0.684302574	6.312252977	3.43E-13	4.06E-12
KRT86	2.461615814	2.270278282	1.62E-25	5.13E-24
PFKFB3	-0.587944772	5.261408865	3.47E-09	2.56E-08
TMC7	1.76908272	5.935765751	2.98E-70	5.07E-68
SERPINB9	0.795860878	4.201294814	5.66E-11	5.28E-10
SMAGP	1.090840602	5.067616622	2.95E-21	6.96E-20
DPY19L2P2	-1.77552906	1.479419574	1.85E-11	1.81E-10
AKAP13	1.791534916	7.617642806	1.13E-68	1.90E-66
CHCHD7	-0.670479782	5.974029275	5.51E-10	4.58E-09
NA	-1.035653598	4.414574083	7.56E-14	9.50E-13
PAQR8	-0.857063295	4.833377859	3.12E-10	2.67E-09
TANC2	0.865670427	7.204740038	7.23E-12	7.38E-11
PRKCDBP	2.290714759	6.50649936	1.48E-91	4.44E-89
ZNF692	-0.820228665	4.95616255	2.16E-09	1.65E-08
TRIM8	0.693959286	6.423850347	3.37E-14	4.37E-13
JUNB	0.764359301	5.292488502	1.44E-13	1.78E-12
KRT19	2.346048532	9.422433302	8.58E-107	3.81E-104
KRT15	2.605101331	4.030394983	3.87E-35	1.97E-33
TPPP	-0.857290519	3.743504494	6.73E-10	5.52E-09
APLN	-2.895724526	2.76714575	1.03E-52	1.10E-50
MCC	0.919286643	5.527373552	2.77E-17	4.82E-16
ZBTB26	-0.938502739	5.075603538	1.95E-16	3.16E-15
BCL2L1	1.066389585	7.730812202	3.34E-28	1.22E-26
PIK3CD	1.343415937	5.021031569	4.83E-33	2.21E-31
SPSB1	1.503881064	5.13022223	1.61E-39	9.93E-38
LRRC34	-0.885779539	3.362517398	1.07E-09	8.55E-09
ZNF540	-1.802340957	1.635594474	3.75E-13	4.42E-12
FRMD5	1.799180937	5.864369338	1.60E-71	2.83E-69
SCG2	2.256786439	2.253946456	9.61E-23	2.54E-21
MOB3A	0.764027977	4.316081046	6.04E-10	4.98E-09
SNTB1	-0.965497324	7.949652771	5.60E-36	2.93E-34
ISG20	2.537518312	4.11430564	1.58E-72	2.89E-70
C2CD2L	-0.624008268	5.22774299	3.11E-09	2.32E-08
FGGY	-0.809498973	4.086972162	8.84E-11	8.09E-10
MANEA	-1.118241289	5.975551531	6.39E-24	1.84E-22
C2orf54	1.623722603	3.592492912	1.11E-30	4.41E-29
RND1	2.937110153	2.954568079	1.45E-46	1.16E-44
RAD9A	-1.027245825	4.021999647	9.94E-15	1.37E-13
ZNF738	-1.096755292	4.280900782	1.48E-16	2.43E-15
CORO1B	0.958266452	6.652776004	3.94E-23	1.07E-21
CFL1	0.792566268	9.091382039	2.72E-10	2.34E-09
TMCC1	0.591471939	5.7736988	1.96E-10	1.73E-09
METAP1D	-0.855407167	4.314893431	4.71E-13	5.47E-12
DHCR7	1.518299245	7.073599034	1.14E-44	8.67E-43
RNASEH2C	-1.415448104	4.876561604	2.97E-28	1.09E-26
MYD88	0.686620914	5.420500363	3.89E-12	4.10E-11
ADRBK1	-0.544173263	7.638201056	1.03E-09	8.29E-09
RELA	0.670375808	6.618526372	4.76E-10	4.00E-09
RAPH1	1.174881691	5.819048887	2.11E-19	4.45E-18
AHSA2	-1.747535501	7.101480927	4.92E-24	1.42E-22
ABLIM3	1.116443122	5.748941448	4.64E-29	1.76E-27
SNCG	2.05507077	0.986969655	7.10E-10	5.80E-09
PPP1R3B	1.769586527	2.154355672	1.13E-15	1.69E-14
TRIB1	1.463045239	6.245248377	4.95E-33	2.26E-31
EHBP1L1	0.841232645	6.781826826	5.59E-22	1.40E-20
PPP1R14B	1.167749808	5.710387968	4.32E-21	1.01E-19
NABP1	1.039757259	5.533483838	8.66E-16	1.31E-14
PC	1.648491169	4.175794405	4.35E-30	1.71E-28
EIF1AX	-0.538830025	7.420485209	7.38E-10	6.00E-09
HEG1	1.109721632	4.527517586	8.04E-13	9.17E-12
JUP	1.673150809	7.256159677	1.64E-50	1.53E-48
KCNH6	-1.899494345	1.491930883	5.30E-14	6.74E-13
PLK3	0.792321352	4.095330589	4.39E-10	3.71E-09
NET1	0.561218728	7.804489045	9.32E-12	9.37E-11
KLHL15	-0.592047008	5.879693922	1.53E-10	1.36E-09
GNG5	1.126642789	5.705426547	2.44E-19	5.10E-18
NA	-2.766632696	2.363478751	1.03E-37	5.86E-36
ADCY6	-0.939843573	6.66371082	1.18E-21	2.87E-20
SLC16A13	1.012383458	3.080377919	7.65E-10	6.20E-09
C12orf76	-1.025312279	3.542178262	1.77E-12	1.94E-11
IGDCC3	-1.308871029	3.804855098	2.98E-23	8.15E-22
TMEM167A	-0.563881341	6.705300139	6.99E-10	5.72E-09
SH3PXD2B	1.156082896	4.936085037	1.84E-21	4.41E-20
FUT1	-0.970669086	4.282416812	2.21E-13	2.66E-12
UBE2C	0.902433035	5.707430486	1.19E-13	1.48E-12
PSMD2	1.080792048	7.566811102	5.56E-33	2.52E-31
DCTN2	0.642314404	6.61170414	1.02E-09	8.18E-09
CKAP5	0.550383721	8.93796272	1.35E-09	1.07E-08
ARHGAP1	0.641711092	6.342622409	8.73E-13	9.92E-12
GOLGA8A	-1.636099033	2.939040763	3.14E-22	8.04E-21
CCNE2	-1.430005383	2.976508281	2.34E-18	4.53E-17
ANKS4B	-1.133749866	2.354911541	2.16E-09	1.65E-08
CLTB	1.053403295	5.296939929	5.18E-22	1.30E-20
CCDC14	-1.025245523	6.060404833	3.80E-18	7.21E-17
KCNE3	-0.690639974	5.66350859	3.81E-13	4.47E-12
ALG10B	-0.812424112	4.990490579	7.83E-12	7.96E-11
DRAP1	1.074566787	6.25544927	3.15E-30	1.24E-28
FOSL1	2.338618096	6.633924171	4.32E-102	1.71E-99
C11orf44	4.052570577	0.445849441	9.96E-15	1.37E-13
NR2F1	-0.836078801	4.178498025	1.23E-09	9.71E-09
ZNF169	-1.198677059	3.107834335	4.87E-12	5.06E-11
SFN	2.390201374	5.983242288	9.74E-95	3.32E-92
MSRA	1.179630336	3.972812155	4.34E-18	8.15E-17
ZDHHC21	-0.916131028	5.298854578	4.80E-15	6.80E-14
TUBB6	2.231822485	4.328183044	1.49E-52	1.55E-50
MBLAC2	-1.158869135	4.73900358	1.91E-25	5.99E-24
AIM1L	1.623117264	5.192743254	7.93E-49	6.96E-47
GPX2	-0.637308065	6.85574706	3.03E-09	2.26E-08
EID2B	-1.902867592	2.22176472	6.95E-19	1.41E-17
MYO1D	0.773873645	7.537430288	6.87E-14	8.68E-13
FOXL1	1.497129893	2.446918325	2.15E-13	2.60E-12
IRX5	1.39220175	2.576697806	1.75E-13	2.13E-12
WSB2	1.037542018	6.752663041	1.99E-23	5.54E-22
DPP7	-0.802716649	5.900828788	1.54E-12	1.69E-11
MTHFR	1.080073135	5.620971107	9.56E-29	3.55E-27
TMEM80	-1.367626164	4.505973284	8.55E-31	3.40E-29
WDR73	-0.72919598	5.519938379	2.46E-11	2.38E-10
PDDC1	-0.844264675	6.465775222	5.19E-17	8.88E-16
ZBTB38	0.608574513	7.292610002	2.76E-14	3.62E-13
PTRF	0.880881003	6.429991029	2.38E-15	3.45E-14
JUN	0.71471669	7.503558322	3.03E-18	5.83E-17
CD163L1	0.924529397	3.18994221	1.64E-09	1.28E-08
CRACR2B	-1.062569542	3.283619852	2.40E-12	2.59E-11
FLII	0.921870963	7.825440795	6.36E-22	1.59E-20
ARL6IP6	-0.763629487	4.401261046	1.70E-10	1.51E-09
RIC8A	0.564036895	6.304880114	1.33E-10	1.19E-09
DMAP1	-0.833604331	5.055228486	1.48E-13	1.82E-12
STAP2	1.137765572	4.11594846	9.04E-18	1.66E-16
SH2B1	-0.770374393	5.759111501	1.91E-10	1.69E-09
PLEC	1.642281834	10.15819699	1.73E-37	9.73E-36
P4HTM	-0.969242899	5.467284332	4.89E-22	1.23E-20
EPM2AIP1	-1.101847214	6.189682898	2.51E-21	5.98E-20
SUZ12	-0.558162305	6.637824079	2.40E-11	2.32E-10
FAM219B	-1.093593186	5.975918362	3.03E-15	4.37E-14
ZHX2	0.8007491	4.014287195	3.78E-10	3.20E-09
CPNE7	-0.762885547	5.949660694	1.86E-12	2.03E-11
ZBTB7A	0.559661778	7.011070652	1.70E-10	1.51E-09
CTC1	-0.999229018	5.823530977	2.19E-24	6.41E-23
SEPW1	-0.61157578	5.618832543	5.58E-11	5.21E-10
TMTC2	0.645969125	4.936509093	2.88E-09	2.16E-08
SAMD4B	0.886007311	6.902686967	1.67E-20	3.84E-19
ALOXE3	2.601677491	2.667324174	3.87E-37	2.15E-35
NA	-1.825555363	3.808736207	1.40E-34	6.99E-33
ARID3B	1.050268243	4.250123518	2.82E-17	4.91E-16
MKRN3	-1.356090592	3.76125041	9.46E-17	1.57E-15
ZBTB18	-1.223859518	6.337462241	3.61E-39	2.20E-37
ZFPM1	-0.894499434	4.258681699	5.01E-10	4.19E-09
APOBEC3B	3.100246221	3.017984087	1.09E-55	1.27E-53
SERTAD2	0.597681321	5.46770628	6.05E-10	4.99E-09
B3GNT3	0.875623919	6.233033787	4.48E-14	5.74E-13
BBS10	-0.908072	4.909454251	2.51E-15	3.64E-14
PPP1R14BP3	0.971567249	4.062440565	7.26E-10	5.92E-09
FAR2P1	-1.127692153	2.614220095	1.41E-09	1.11E-08
RCC1	0.57404011	7.100810794	3.22E-11	3.07E-10
FGD6	1.904419435	3.971924518	6.32E-42	4.28E-40
PAK2	0.489081408	8.092938338	3.86E-09	2.83E-08
EMC3-AS1	-0.921975923	3.325859923	1.73E-09	1.34E-08
C11orf71	-1.79263611	2.89021284	1.37E-24	4.09E-23
PRF1	2.26431255	2.578556544	1.31E-29	5.03E-28
CLRN3	-0.926571857	5.048441776	1.07E-16	1.77E-15
PSMG4	-0.765310157	5.26923033	9.15E-10	7.38E-09
LINC01559	1.803844491	3.473922871	8.00E-34	3.82E-32
AEN	0.954244088	6.057375912	4.83E-23	1.30E-21
PJA1	0.70763458	6.016098854	4.36E-12	4.56E-11
POLR2A	0.639147054	9.099717581	5.95E-14	7.54E-13
LRRC75A	-1.035318935	2.864934814	2.86E-10	2.46E-09
RAP2B	0.834767744	5.571946715	6.34E-16	9.75E-15
ACBD4	-1.549052567	3.184600948	2.29E-19	4.82E-18
C6orf223	3.2302787	3.030443201	1.63E-54	1.86E-52
ZBTB20	1.570420194	4.708350535	1.17E-17	2.12E-16
AMIGO1	-1.142294761	2.725748945	3.01E-11	2.88E-10
CHST15	-1.006990064	5.680702355	1.09E-27	3.91E-26
CREB3L2	0.569977899	7.078333973	9.24E-11	8.44E-10
EXT1	0.77289839	4.543379904	2.10E-11	2.04E-10
B4GALNT4	-1.993119944	3.468899219	3.81E-31	1.55E-29
NXPH4	-1.861101059	1.572386874	9.64E-14	1.20E-12
KPNA2	0.953453726	7.293041981	5.53E-16	8.54E-15
SPNS3	1.165587188	2.991919863	3.88E-12	4.08E-11
EPHB3	-0.820363203	4.777262908	7.06E-13	8.08E-12
PLCB1	-0.995866099	5.235955169	1.35E-23	3.80E-22
LINC01006	-1.170495195	2.316588301	3.97E-09	2.91E-08
ANXA2	1.988070413	8.955076769	1.82E-93	5.81E-91
C1orf116	1.1952023	7.339267396	2.79E-31	1.15E-29
RRP7BP	-1.1902304	4.089737957	5.88E-14	7.45E-13
LCK	1.160323018	5.765096201	3.96E-22	1.01E-20
TSPEAR-AS2	-1.444716146	2.409928252	5.59E-13	6.44E-12
SPATA13	-0.476072094	7.579369632	6.86E-10	5.61E-09
ZNF320	-1.012565057	4.670106634	2.49E-13	2.99E-12
SPNS2	0.795345277	8.561838224	1.67E-15	2.47E-14
ABAT	1.024960551	3.939731827	1.27E-14	1.73E-13
AFMID	-0.923607902	5.888283113	2.26E-24	6.61E-23
CALHM3	1.192123383	2.987999204	5.12E-13	5.93E-12
GPR132	1.501777591	3.362357497	3.52E-22	8.96E-21
FAM46C	-2.72426383	3.076949114	2.01E-48	1.70E-46
COA5	-0.882587046	4.946254795	2.98E-16	4.73E-15
UPP1	1.482083178	5.575329457	8.26E-39	4.90E-37
TRIM52	-1.166106149	5.328764112	7.20E-15	1.00E-13
CMTM4	-0.70324504	7.765659612	1.34E-13	1.66E-12
ASCL2	-1.70992084	5.7176437	3.27E-51	3.15E-49
MACC1	-0.665934759	8.102757078	9.21E-16	1.38E-14
NA	3.355953289	1.949164681	6.96E-38	3.96E-36
KREMEN1	-0.573069038	6.684114888	8.57E-11	7.85E-10
GPR39	1.181267739	3.616450421	6.51E-15	9.10E-14
FAM3B	-1.703949291	2.410172053	2.63E-19	5.48E-18
TOB2	0.532946225	6.188696829	2.30E-09	1.75E-08
SCN5A	-0.835271745	8.110896587	7.13E-22	1.77E-20
TTC32	-1.343693078	3.603595154	4.76E-12	4.95E-11
ACTG1	1.660738159	11.68074944	1.07E-40	7.06E-39
DENND5A	0.665559965	7.189334515	4.81E-17	8.25E-16
GPR173	-1.789968282	3.940525991	9.01E-40	5.69E-38
TSPYL2	-0.887758181	5.379769013	1.49E-19	3.17E-18
OAF	0.60926341	6.05574986	7.02E-11	6.48E-10
ZDHHC23	-1.092966758	4.937806588	9.65E-20	2.09E-18
CSF1	3.550327159	1.251301546	5.07E-26	1.65E-24
KNTC1	-0.908512745	5.737858064	1.20E-16	1.99E-15
TMEM255B	1.775055761	2.221700166	2.15E-16	3.46E-15
CDCA2	0.900502862	4.617505754	7.91E-15	1.10E-13
FAM110C	-0.739359113	4.029806336	2.07E-09	1.58E-08
UBE2G2	-1.053190053	7.559910692	5.55E-20	1.22E-18
OSBP2	1.26621506	5.252984271	1.98E-33	9.25E-32
JAG2	-0.892716272	6.630968898	1.63E-18	3.20E-17
FMNL1	1.778358976	6.438724342	2.44E-76	4.65E-74
SORCS2	-1.970206555	2.197703141	4.18E-22	1.06E-20
SIVA1	-0.817835883	4.295736804	5.89E-10	4.88E-09
MAFF	1.375402284	4.756517656	6.61E-34	3.19E-32
SEMA4B	0.976472062	4.910770495	4.05E-19	8.33E-18
CIB1	0.737372369	5.205397627	2.91E-09	2.18E-08
ADSSL1	-1.231093443	2.501340972	6.17E-11	5.72E-10
ANO9	-1.318899881	6.224823792	1.43E-13	1.76E-12
NRBP2	-1.142530989	3.995644654	2.86E-19	5.96E-18
TNFAIP2	2.572368083	2.809586377	2.82E-36	1.52E-34
PRPF39	-1.026048808	5.908418229	2.15E-15	3.16E-14
UBALD2	0.8282352	5.887824387	1.68E-19	3.56E-18
NOTUM	-2.229985669	9.076187309	2.13E-114	1.04E-111
CDK10	-0.981931265	5.627861222	2.57E-16	4.09E-15
HGS	0.78586101	7.363899417	1.14E-17	2.07E-16
L3MBTL1	-1.087621626	4.489313468	4.97E-15	7.01E-14
AHNAK2	3.066196803	6.431378322	1.90E-81	4.16E-79
OLFML2A	1.073224673	2.721500595	4.41E-10	3.72E-09
PDIA2	-2.905184462	1.264593671	1.37E-21	3.32E-20
SHC4	1.73495198	2.302535784	6.08E-18	1.13E-16
ZFP36L1	2.013515897	8.917580558	1.76E-139	1.36E-136
CXorf38	0.602587286	6.576421043	5.34E-12	5.51E-11
KCNQ5	2.558228293	1.004946856	2.63E-14	3.46E-13
ADAMTSL5	0.874275363	3.344771896	3.39E-09	2.52E-08
NAT8L	-0.776840031	4.341176264	2.53E-11	2.44E-10
RNPC3	-1.021642355	4.531222888	1.95E-17	3.43E-16
LRCH3	0.654557728	6.655542854	3.21E-12	3.40E-11
LEMD1	1.286233561	3.301720768	1.50E-16	2.46E-15
ANKRD46	-0.771075486	4.012256543	7.64E-10	6.20E-09
BCL9L	1.008304779	8.479816746	8.52E-21	1.98E-19
ZNRF1	0.76687031	5.485067411	4.64E-15	6.57E-14
SPATA12	1.601959305	2.35542704	5.57E-15	7.81E-14
PCLO	0.814255092	6.246106537	3.88E-16	6.05E-15
INSIG1	2.271621186	6.254284415	1.00E-57	1.23E-55
10-sep	0.631829541	5.585215214	1.97E-09	1.51E-08
CEACAM19	-0.971856033	3.682339845	3.59E-11	3.40E-10
NF2	0.682324074	6.181670847	1.06E-11	1.06E-10
C6orf1	1.566266138	3.633946644	6.81E-26	2.21E-24
HPDL	-0.80744066	4.681472946	2.48E-10	2.16E-09
PRR5	-0.996997111	3.157957151	2.96E-10	2.53E-09
LYRM7	-0.522068714	6.128859064	2.87E-09	2.16E-08
SPIN4	-0.772810112	6.21164557	6.37E-15	8.91E-14
HYAL3	1.347181282	2.178027995	4.54E-10	3.83E-09
TNFRSF18	-1.153776449	4.52531056	5.57E-19	1.14E-17
EMID1	-1.196379397	3.046469872	4.32E-13	5.05E-12
ESPN	-1.142889322	4.165664339	9.08E-16	1.37E-14
TSPYL4	-1.238472043	6.351628378	3.58E-36	1.91E-34
GCNT1	-1.458677275	4.55905875	2.67E-33	1.24E-31
BCAM	-2.051144643	3.607374319	3.35E-43	2.43E-41
EPOR	-1.85910904	3.803344209	4.00E-39	2.41E-37
AGMO	-0.952271581	3.664186416	6.95E-13	7.96E-12
TRPV2	1.803915656	5.121739549	2.24E-50	2.08E-48
THSD4	1.607066015	2.573204458	8.62E-15	1.19E-13
CARD9	-0.96024027	4.751417431	7.59E-15	1.06E-13
HIST1H1C	1.752250337	3.939463209	1.59E-19	3.39E-18
S100A3	2.520732139	2.957362971	1.30E-44	9.82E-43
ARL4C	1.732628941	3.534430582	7.08E-29	2.66E-27
WNT7B	2.841740389	3.357787607	6.95E-60	9.34E-58
C11orf95	-1.084666124	6.352015487	2.40E-23	6.60E-22
C6orf132	1.405506033	2.026918895	1.40E-09	1.10E-08
HNRNPU-AS1	-1.587403257	6.261425282	2.89E-19	6.02E-18
DCUN1D3	-0.612534564	5.350777789	8.85E-10	7.15E-09
TUBB4B	0.735506485	7.980689948	6.76E-10	5.54E-09
NA	-0.989926903	5.328512287	6.57E-19	1.33E-17
SLC38A3	-0.971812872	4.530124842	4.72E-14	6.04E-13
FAM83G	0.808955551	6.591032986	1.79E-19	3.80E-18
SRSF10	-0.797191172	7.970700266	5.00E-20	1.11E-18
C15orf52	0.862447758	4.638467612	1.64E-11	1.62E-10
S100A16	1.779939778	7.621925544	8.86E-55	1.01E-52
ZDHHC9	-0.654851679	7.972825942	1.76E-12	1.92E-11
NOXA1	-1.846419158	3.053857731	4.26E-27	1.46E-25
NHLRC3	-1.112508416	5.300890027	3.85E-23	1.05E-21
ENTPD8	-2.144463203	2.887141481	3.48E-34	1.70E-32
GJB3	3.923885099	3.267707775	5.82E-83	1.38E-80
ADAT2	-1.122825181	6.711856635	3.76E-26	1.24E-24
FAM111B	-0.766884028	5.196869305	1.27E-10	1.14E-09
H1F0	0.541899129	8.937261316	2.82E-11	2.71E-10
CLDN4	1.334738148	7.041717661	1.45E-49	1.30E-47
HN1	0.583039781	7.216220287	1.43E-09	1.12E-08
S100A13	0.75563054	4.841376582	1.07E-09	8.56E-09
HMGB1	-0.56783317	6.6019327	6.75E-12	6.90E-11
SH2D5	1.955711299	1.57524089	8.19E-12	8.30E-11
SPATS2L	0.936980122	6.837273756	2.09E-14	2.78E-13
S100A4	0.642387234	7.424704575	8.49E-13	9.66E-12
ACADSB	-0.91791508	4.657821048	1.82E-15	2.68E-14
TMEM63A	-0.911131025	4.867078784	1.29E-10	1.16E-09
ZNF493	-0.945024159	4.282029954	1.12E-12	1.25E-11
ZNF781	-1.434060847	1.812172977	1.20E-09	9.57E-09
TSC22D2	0.719288107	5.559255298	1.97E-13	2.39E-12
C20orf96	-1.111958987	2.853235794	1.05E-11	1.06E-10
NCOR2	0.673957541	7.965181935	1.75E-11	1.72E-10
SULT1A1	-1.284128818	4.547324433	3.98E-23	1.08E-21
TPK1	1.292092865	2.219548136	1.31E-10	1.17E-09
MYO18A	0.618126867	7.04540745	3.32E-09	2.46E-08
MAN2A2	-0.909066629	6.298362903	5.40E-18	1.01E-16
MME	-1.701320818	6.68669262	2.44E-85	6.17E-83
LAMA2	-1.129247369	3.964220273	2.62E-19	5.48E-18
XRCC2	-0.754759876	5.227489619	1.77E-09	1.37E-08
MYO6	0.667352228	6.793878504	3.69E-13	4.36E-12
ZFP62	-0.670405737	5.933371776	1.95E-11	1.91E-10
ZNF33B	-0.769310934	7.067080924	1.45E-18	2.88E-17
COL27A1	-1.279549527	2.763434107	4.45E-14	5.71E-13
S100A2	2.191420338	3.374697532	2.78E-40	1.79E-38
CD47	-0.613288036	6.119281068	2.20E-10	1.93E-09
C6orf106	0.568421181	6.644961857	1.71E-11	1.69E-10
LAMB3	1.493114624	7.013868217	5.90E-61	8.16E-59
KPNA5	-0.654839301	4.877563103	9.60E-10	7.73E-09
PDLIM7	1.137250319	4.756704089	2.05E-23	5.70E-22
FLNA	1.921697022	10.16382007	4.31E-92	1.32E-89
SRGAP1	2.420910533	5.011221611	7.42E-77	1.43E-74
SLC39A10	0.648779608	7.820508577	3.21E-15	4.61E-14
WDR5B	-1.122677527	4.066788715	1.66E-18	3.25E-17
SERTAD1	1.243738067	3.512756407	1.27E-17	2.28E-16
DYNC1H1	1.126790646	10.20584338	3.60E-25	1.12E-23
ACSL5	1.228434329	4.674107124	1.60E-22	4.19E-21
ZNF165	1.987080192	3.832729546	4.31E-38	2.49E-36
SVIL	0.891118957	6.172729253	3.45E-20	7.76E-19
LRP10	1.269539348	6.435416164	2.04E-27	7.17E-26
HTT	0.70794242	7.148723392	4.19E-13	4.90E-12
DIO3	-1.900294207	2.074629251	5.25E-20	1.16E-18
OGDHL	-1.412098256	1.858100059	5.95E-10	4.92E-09
MYO5A	0.751879586	6.557839765	2.19E-14	2.90E-13
SIPA1L1	0.908021803	5.259632897	1.15E-14	1.58E-13
FAR1	-0.616267161	7.829695162	5.24E-13	6.06E-12
CDC42SE1	0.565657718	7.377028431	4.98E-12	5.18E-11
SPTAN1	0.878427936	8.859307617	1.08E-22	2.84E-21
S100A10	1.778815024	8.197477014	3.01E-45	2.32E-43
TAF13	0.841918058	4.934139328	3.94E-14	5.07E-13
ADAMTSL2	-1.827851932	6.033393598	4.53E-67	7.21E-65
TEAD4	1.030593277	5.698393837	7.31E-20	1.60E-18
S100A6	1.617073679	9.387489441	1.77E-58	2.28E-56
ENTPD7	0.76715955	4.226471024	2.93E-10	2.51E-09
ZNF84	-0.966081111	6.127928099	2.36E-20	5.37E-19
NUP62CL	-0.765575613	4.059828983	6.02E-10	4.97E-09
ZNF248	-0.688977008	5.064995401	3.07E-11	2.93E-10
LPAR1	-2.319808092	1.16206412	3.33E-14	4.33E-13
FAM109A	1.11068162	4.48929791	2.48E-20	5.63E-19
ASNA1	0.719128654	4.802418022	1.84E-09	1.42E-08
ASPH	1.110746724	8.829505036	1.34E-46	1.07E-44
ITSN2	0.530217551	6.727867554	5.45E-10	4.54E-09
SH3BGRL2	-0.492376946	6.815384091	1.94E-09	1.49E-08
ZNF789	-1.171763461	4.716590613	4.17E-20	9.35E-19
ARC	2.104181415	2.178647859	8.88E-21	2.06E-19
MMP17	-0.79638197	4.709344074	3.25E-09	2.42E-08
STK39	0.672198686	5.717695772	2.95E-11	2.83E-10
LDB1	-0.630432738	5.961856853	2.58E-10	2.24E-09
SMURF1	0.579361567	6.35586108	6.56E-11	6.06E-10
CDC42BPB	0.624005896	7.528074046	2.71E-15	3.93E-14
COLGALT2	0.610130869	7.737799952	1.35E-12	1.49E-11
EPS8L3	-0.687903292	7.275033703	9.80E-18	1.79E-16
RCSD1	-3.170748114	1.780105981	3.37E-34	1.65E-32
GK	1.17065193	3.354756138	2.02E-14	2.69E-13
L1CAM	1.401933025	7.473650467	5.98E-48	4.97E-46
SREBF2	0.715513233	8.135761128	8.37E-16	1.27E-14
TBKBP1	-1.333990894	4.208430422	1.42E-21	3.44E-20
SOWAHA	-1.021673061	2.748758955	2.06E-09	1.58E-08
L3MBTL3	-1.912409512	6.289017896	8.07E-78	1.60E-75
TGM2	3.741504675	4.784510367	2.85E-121	1.49E-118
INF2	0.619899547	8.429882784	2.12E-11	2.06E-10
CCDC162P	-1.516049132	2.397739261	1.54E-15	2.28E-14
PCMTD2	-0.822998561	7.283854467	1.21E-21	2.95E-20
CHIC1	-0.725981988	4.990400946	8.86E-10	7.15E-09
C2orf72	-0.982337623	3.429237858	3.59E-11	3.40E-10
SMIM5	1.473624721	2.560765413	1.90E-12	2.07E-11
TBC1D8	0.790624465	6.472353249	9.65E-18	1.76E-16
TCTN1	-1.263574557	4.409236137	8.64E-26	2.79E-24
IGFL4	-0.888895723	5.390720914	3.66E-13	4.33E-12
C12orf73	-0.7351561	4.191465471	1.83E-09	1.41E-08
SPIRE2	-1.053726333	5.720518423	1.20E-18	2.40E-17
TECPR1	0.809415874	4.843042171	1.80E-10	1.60E-09
KRT81	4.518284777	3.495183281	9.50E-100	3.57E-97
RGL3	-1.395767592	5.097778384	1.64E-21	3.96E-20
TMSB4X	0.767726978	7.245628424	8.81E-22	2.17E-20
EIF3CL	1.064071551	5.285822291	2.62E-10	2.26E-09
MFSD2B	1.605073171	5.877918729	6.94E-18	1.28E-16
ITSN1	0.682949155	4.907222232	1.87E-10	1.65E-09
ITPRIPL2	0.629175593	6.490296422	5.08E-10	4.25E-09
KLRC2	-1.775239289	3.575731408	2.08E-34	1.04E-32
ZDHHC11B	-3.38642009	1.602970128	1.85E-31	7.72E-30
FOXL2NB	-0.970624437	4.503213484	8.01E-14	1.01E-12
CFAP44	-1.162555331	3.906421252	2.54E-16	4.05E-15
THUMPD3-AS1	-1.386146199	5.598514044	1.33E-19	2.85E-18
MIR186	-2.048868365	1.133642501	2.20E-11	2.13E-10
C1orf220	-1.588145615	1.465272362	3.56E-09	2.63E-08
FGFR1OP	-1.002138624	4.793402669	1.32E-17	2.37E-16
QTRT1	-1.236949567	4.890629316	1.84E-17	3.25E-16
SIPA1	1.042809877	4.286039449	9.16E-14	1.15E-12
FIRRE	-0.991462963	5.525930213	5.05E-14	6.43E-13
LBH	4.416087425	2.931168397	3.68E-80	7.70E-78
SLC35F6	0.773641505	6.031623854	1.74E-15	2.57E-14
ACTBP2	1.403672073	5.138381634	2.03E-28	7.43E-27
C8orf44	-1.160874765	3.027474197	4.47E-12	4.66E-11
GALT	-0.991642549	3.991862832	4.01E-13	4.71E-12
TAX1BP3	1.127546043	3.563684868	7.29E-14	9.18E-13
NA	-1.511265428	5.315880498	8.87E-20	1.93E-18
AP1G2	-0.637731223	6.588975776	4.49E-12	4.69E-11
MYCBP	-0.799327908	3.904875578	1.46E-09	1.15E-08
NA	-1.330555556	5.088980469	5.15E-12	5.34E-11
LINC00887	2.975358628	1.632983258	6.73E-22	1.68E-20
TUBBP2	0.791971535	5.628276224	2.62E-11	2.52E-10
VAC14-AS1	-0.932409249	3.577930883	4.27E-10	3.61E-09
RPS3AP26	-1.2080637	2.235499119	7.11E-10	5.80E-09
SEPT7P2	-0.735285694	5.411625068	1.45E-11	1.44E-10
CD27-AS1	-0.787044252	4.934491042	1.25E-10	1.13E-09
ALOX12-AS1	-1.029247951	3.122233448	5.96E-10	4.93E-09
CBWD7	1.566376648	2.883840732	1.41E-15	2.10E-14
MUC5AC	5.056738492	2.07461842	9.79E-52	9.76E-50
GOLGA8B	-1.640548562	6.027041636	3.17E-17	5.48E-16
DHRS4-AS1	-0.746822112	4.570652826	4.99E-11	4.68E-10
NA	-1.017730609	3.758331847	5.60E-14	7.11E-13
NA	-1.242960616	3.430698629	2.31E-15	3.37E-14
KRT19P1	2.120394522	1.596859817	9.83E-14	1.23E-12
ZSCAN12P1	2.194540524	2.723626752	7.77E-30	3.02E-28
VAMP2	-0.826592713	6.06916413	3.39E-18	6.45E-17
ZBED8	-1.004533537	2.993143737	4.07E-09	2.98E-08
NPTXR	-1.122323966	4.870243388	4.56E-26	1.49E-24
TIGD1	-1.739848182	4.872312462	1.79E-48	1.52E-46
CCNL2	-1.563133297	7.846427316	1.06E-13	1.31E-12
LINC01124	-1.402995176	3.240684264	9.42E-19	1.89E-17
C1GALT1C1L	-1.706770207	1.506564666	1.75E-11	1.72E-10
NSUN5P1	-1.314193914	4.105882445	4.02E-24	1.17E-22
NA	-2.016245836	5.336664719	1.27E-23	3.60E-22
NA	-0.902408877	3.455323974	2.45E-09	1.85E-08
NA	-0.899101878	3.687439885	1.21E-10	1.09E-09
NA	-1.325550882	1.987500798	2.79E-09	2.10E-08
NA	-1.330112179	5.566366534	5.37E-20	1.19E-18
NA	-1.610988484	2.940123919	2.56E-22	6.58E-21
NA	2.428226282	2.600755454	6.04E-31	2.43E-29
PPP1R26-AS1	-0.973751479	2.993138685	1.85E-09	1.42E-08
FAM195B	0.791810171	4.801344644	1.64E-09	1.28E-08
DBH-AS1	-2.056495094	2.976279211	2.21E-31	9.13E-30
RPL26P19	-0.669564443	5.193189468	7.44E-10	6.05E-09
NA	1.781405026	3.911848226	5.31E-15	7.47E-14
NA	-1.504996159	2.401201841	1.52E-14	2.05E-13
HSBP1L1	-1.509670852	2.288861974	3.85E-14	4.95E-13
PSMD5-AS1	-0.857212969	6.196112965	1.20E-17	2.16E-16
ERVMER34-1	-0.810634345	5.867446242	2.11E-17	3.70E-16
GTF2IP7	2.794127599	2.214030733	3.14E-33	1.45E-31
C14orf132	-0.848666568	3.457000926	3.21E-09	2.39E-08
ST7-AS1	-2.15460095	1.055947472	5.96E-11	5.54E-10
NA	-1.404710877	2.531816536	2.75E-11	2.64E-10
LINC01268	-2.301148374	4.412856656	1.30E-71	2.32E-69
SLC2A1-AS1	-1.130435133	2.869891993	3.60E-11	3.41E-10
MFI2-AS1	-2.048055088	1.343261235	8.03E-14	1.01E-12
PROB1	-1.261143285	2.279765005	1.16E-09	9.23E-09
MEOX2-AS1	-2.23369761	0.653813773	1.94E-10	1.71E-09
VIM-AS1	2.126041537	2.334022163	1.87E-23	5.23E-22
NA	3.178096881	0.004653654	1.83E-09	1.41E-08
LINC01315	-1.762354108	3.103929042	2.46E-27	8.60E-26
NA	-1.218376663	2.832882531	9.58E-14	1.20E-12
PROX1-AS1	-1.003153112	6.199404968	5.91E-30	2.30E-28
ZNF674-AS1	-1.332201281	3.929412521	6.11E-14	7.73E-13
NA	2.698674958	3.241422102	2.48E-49	2.22E-47
MORF4L2-AS1	-1.416863362	2.135805255	3.18E-12	3.38E-11
KLF3-AS1	-2.034807722	2.724806979	1.21E-28	4.48E-27
SBK3	4.10096988	1.133923904	1.64E-25	5.20E-24
LINC00704	2.860844424	3.591727114	9.42E-64	1.41E-61
NA	2.524858727	6.511919956	2.74E-135	1.91E-132
ANXA2P2	1.005073842	3.761856265	4.11E-13	4.81E-12
NA	-1.243346777	3.511395942	5.83E-16	8.99E-15
LINC01346	-1.391986778	2.442640048	1.86E-13	2.26E-12
PFN1P1	0.977451558	4.877875021	4.45E-13	5.19E-12
CYP51A1P2	1.547724534	1.961369088	5.19E-11	4.86E-10
NA	-1.102670411	4.715871702	8.41E-21	1.96E-19
ZNF736	-1.031859998	4.538491185	6.79E-10	5.56E-09
SLC25A25-AS1	-1.158006544	5.15003886	4.57E-20	1.02E-18
SNHG20	-1.599944349	4.462017425	2.35E-32	1.04E-30
NA	3.953962839	0.731271101	4.33E-20	9.68E-19
PPP1R3E	-1.259637895	5.002599331	1.05E-20	2.42E-19
LINC01278	-0.730648076	6.271498672	8.34E-17	1.40E-15
DICER1-AS1	-1.464807792	3.066247941	6.31E-12	6.48E-11
KIAA0040	1.379262238	4.829249208	3.11E-32	1.37E-30
LINC01564	2.616743304	1.463380121	1.15E-14	1.57E-13
ASH1L-AS1	-1.621715382	2.189504028	2.73E-14	3.57E-13
ELFN1-AS1	-0.965682866	4.417147019	2.68E-13	3.20E-12
TMEM147-AS1	-0.961149947	5.916002174	4.24E-13	4.96E-12
DIAPH2-AS1	2.499855899	0.892011009	1.98E-10	1.74E-09
NA	3.800339214	0.752844013	7.19E-18	1.32E-16
NA	-1.469507933	3.883607799	1.68E-27	5.96E-26
HMGA1P1	1.777515117	2.331542852	9.21E-16	1.38E-14
ZEB1-AS1	-1.070686225	3.901774646	9.78E-16	1.47E-14
TUSC8	-1.497040333	1.333679082	3.11E-09	2.32E-08
NA	-1.949152653	0.924115875	2.07E-09	1.58E-08
FAM200B	-0.958239147	4.272693578	9.85E-14	1.23E-12
GOLGA2P5	-1.449094003	4.398568163	2.05E-31	8.51E-30
KMT2E-AS1	-1.855515798	1.548607302	4.07E-12	4.27E-11
NA	-1.128496542	2.785735381	1.97E-10	1.73E-09
GET4	-1.359652687	3.165417196	8.24E-18	1.52E-16
LINC00973	2.541162751	3.883782249	3.00E-58	3.82E-56
ARHGEF25	-0.710183479	4.374665804	1.56E-09	1.22E-08
NA	1.05340748	2.812558068	1.12E-09	8.91E-09
TMEM189	0.627302171	6.505706529	8.59E-13	9.77E-12
TDGF1	-1.323456664	2.670988938	1.43E-13	1.77E-12
RPL36A	-1.023224186	5.09097483	4.81E-18	9.03E-17
CD302	-0.964822857	3.880730853	3.47E-12	3.68E-11
ARHGDIG	-1.95643718	1.377700524	2.02E-13	2.45E-12
NA	-0.56503327	7.543034287	2.38E-10	2.07E-09
NA	-1.509784097	1.416979831	4.10E-09	3.00E-08
KCTD7	-0.857905694	4.663297107	3.69E-11	3.50E-10
PALM2	1.488488805	3.441246868	2.65E-21	6.29E-20
C6orf183	-1.210674531	2.603087557	8.87E-12	8.95E-11
MRPS6	0.77285347	5.290549472	1.54E-14	2.08E-13
ZNF512	-0.69724331	5.770495548	1.13E-12	1.26E-11
NA	-1.409664271	2.31835205	2.81E-13	3.35E-12
N4BP2L2	-0.842516939	7.550308911	1.32E-14	1.79E-13
GABPB1-AS1	-1.184610883	8.229095906	5.68E-17	9.69E-16
RNF139-AS1	-1.319401577	2.828483254	1.25E-14	1.71E-13
RAD51-AS1	-1.667239522	3.908222038	1.56E-23	4.38E-22
NUDT16P1	-0.935474102	3.007806683	1.84E-09	1.42E-08
NA	-1.532919501	1.696149303	1.65E-09	1.28E-08
SNHG10	-1.555856352	3.774038062	1.83E-24	5.41E-23
DNAJC3-AS1	-1.128985196	4.046811182	5.34E-18	9.97E-17
TWF2	0.743653801	4.630793797	9.98E-11	9.10E-10
RRN3P1	-1.163702444	3.11065599	3.74E-13	4.41E-12
NA	-2.932587201	2.046769131	1.97E-36	1.08E-34
LUCAT1	2.200096302	4.095762473	1.87E-17	3.30E-16
NA	-2.908536551	1.263737705	4.43E-23	1.20E-21
HMGA1P2	2.055561009	3.712404726	9.71E-40	6.08E-38
NA	-1.864797311	0.925142752	2.59E-10	2.24E-09
NA	-1.227108376	3.688692521	3.92E-11	3.70E-10
NOP14-AS1	1.437669235	3.552845441	1.64E-22	4.27E-21
HS3ST5	-1.392715582	2.820066462	1.78E-16	2.90E-15
PDCD6	-0.676788878	6.827689579	1.24E-15	1.85E-14
LINC01021	-1.856149004	4.03213052	1.42E-36	7.83E-35
THAP9-AS1	-0.76300143	6.191022856	3.07E-16	4.85E-15
NA	-2.035173397	0.885152808	3.46E-11	3.29E-10
LINC00923	2.276770148	0.944263636	4.16E-12	4.37E-11
ZNF345	-0.958068357	3.033010427	3.22E-09	2.40E-08
RPL32P3	-1.212823912	5.176304053	6.77E-17	1.15E-15
MSNP1	1.070487089	5.034056084	8.35E-25	2.53E-23
NA	-1.567404982	1.661364393	2.50E-10	2.17E-09
SCARNA15	-1.257982526	2.773560472	3.06E-12	3.25E-11
LINC01605	-1.954205633	1.492398611	5.74E-15	8.04E-14
CCDC71L	1.161431254	3.548550781	9.42E-17	1.57E-15
NA	1.942106429	2.224226533	8.69E-16	1.31E-14
TUG1	-0.544874193	8.279895279	7.24E-12	7.38E-11
NA	1.860628607	1.431606302	3.07E-11	2.93E-10
MINCR	-1.305775071	2.614462757	1.03E-12	1.16E-11
OTUD6B-AS1	-0.743525663	5.28241192	1.65E-13	2.02E-12
KRT8P3	0.971388979	5.490221122	1.50E-10	1.34E-09
DPP3	0.687425579	6.025702391	6.31E-11	5.84E-10
CHMP1B	-0.56284503	6.614518122	7.73E-10	6.27E-09
NA	-1.672066082	1.801329628	2.17E-11	2.11E-10
NA	-3.122630739	3.093263878	2.19E-68	3.65E-66
LINC00346	2.075971848	2.192121532	9.23E-20	2.01E-18
POLG2	-0.837602552	5.557464273	3.34E-15	4.78E-14
NA	2.276890686	1.386050823	2.12E-15	3.11E-14
NA	-1.223134042	2.93551911	2.08E-13	2.52E-12
PSMA3-AS1	-0.807971617	6.140148777	1.53E-17	2.72E-16
CNPY2	-0.608665478	5.33082843	2.14E-09	1.64E-08
NA	-1.110362057	4.290561634	5.50E-16	8.49E-15
NA	1.254821683	2.184104902	1.21E-09	9.60E-09
DIO3OS	-3.169991062	5.492143871	1.14E-89	3.20E-87
NA	-1.312581133	2.379431074	7.88E-12	8.00E-11
NA	-1.574905284	1.386795324	2.47E-09	1.87E-08
NA	-1.138600098	3.965403666	2.37E-17	4.14E-16
SLC22A31	-2.455962206	1.128288057	4.56E-16	7.06E-15
NA	-1.064420163	3.025666018	3.92E-09	2.88E-08
NA	-1.503186087	3.028801101	1.87E-12	2.04E-11
NA	-2.072485692	2.632858608	7.03E-27	2.39E-25
NA	-1.126714443	2.623945556	1.15E-09	9.15E-09
NA	-1.86430058	3.391016029	1.40E-33	6.66E-32
RBM15B	0.600307358	6.755641738	8.73E-10	7.06E-09
NA	-1.139444683	4.61823713	7.15E-22	1.77E-20
NA	0.951048546	4.395681825	9.08E-14	1.14E-12
NA	-2.257187358	0.980553991	3.09E-12	3.28E-11
JHDM1D-AS1	-1.782081835	4.566716175	6.64E-50	6.08E-48
SSSCA1-AS1	-1.423886757	2.120001582	3.76E-11	3.56E-10
SNHG19	-1.094705419	4.030796305	4.34E-16	6.72E-15
NA	-1.455089395	2.415001151	3.89E-14	5.00E-13
NA	-1.973410691	0.928250217	1.15E-09	9.15E-09
NA	-1.427246388	3.285332522	7.45E-20	1.63E-18
NA	-2.169342912	3.567372957	3.97E-51	3.80E-49
NA	-1.486483775	2.138141334	2.60E-12	2.80E-11
NA	-1.152410127	2.587048122	1.07E-09	8.55E-09
NA	-1.25609777	3.653998415	4.88E-20	1.09E-18
NA	-1.357831545	3.835337942	8.02E-22	1.98E-20
NA	1.233277509	3.113900438	6.61E-12	6.76E-11
LINC00565	1.669174449	2.176068573	1.18E-14	1.62E-13
NA	-1.285461485	4.830889717	6.67E-24	1.91E-22
NA	-1.682298484	2.688681696	2.53E-18	4.90E-17
NA	-1.8831698	1.386365846	1.77E-12	1.94E-11
NA	-1.178304027	3.20097776	2.61E-13	3.12E-12
NA	-2.024880841	1.582401512	1.46E-14	1.97E-13
NA	-1.048526131	3.896699277	6.46E-10	5.31E-09
NA	2.108708332	0.988741541	7.32E-11	6.74E-10
NA	-1.012317502	3.106544386	1.15E-10	1.04E-09
NA	2.26976545	0.742950446	7.45E-10	6.06E-09
LINC01003	-1.600846185	3.474424749	2.23E-23	6.15E-22
PAN3-AS1	-1.709928807	1.692367548	1.39E-12	1.54E-11
NA	-1.734640805	2.566716458	1.06E-17	1.93E-16
NA	-0.885142149	3.433839338	1.71E-09	1.33E-08
NA	-0.509357359	10.29159688	5.61E-12	5.78E-11
NA	-2.515686647	1.703492461	4.21E-23	1.14E-21
NA	-1.672057239	2.13092003	1.83E-14	2.45E-13
NA	-0.546386222	5.98312233	3.29E-09	2.45E-08
NA	-1.102813037	3.768887902	3.61E-12	3.81E-11
NA	-1.835331881	1.52684132	3.74E-13	4.41E-12
NA	-1.822484398	1.892441519	4.08E-16	6.34E-15
NA	-1.378839971	2.056807401	5.49E-10	4.57E-09
LINC00667	-1.063410553	5.230076374	9.09E-22	2.24E-20
OTUD7B	0.756966682	6.273750312	2.62E-10	2.26E-09
SUZ12P1	-0.890058355	4.022658805	1.02E-09	8.23E-09
NA	-1.058359005	4.263484226	4.13E-10	3.49E-09
NA	0.872297337	3.68976423	7.12E-10	5.80E-09
NA	-1.591859493	5.009332497	3.36E-28	1.22E-26
ASB16-AS1	-0.945892052	3.217993875	2.25E-09	1.71E-08
ILF3-AS1	-1.653161473	3.814795429	1.56E-30	6.16E-29
NA	2.369564401	1.924822013	6.29E-23	1.68E-21
NA	-1.330096185	3.541808552	2.67E-20	6.03E-19
NA	-1.159865994	2.542689905	5.86E-10	4.85E-09
NA	1.741594599	2.382572064	2.93E-17	5.08E-16
NA	1.584543125	2.727110559	1.75E-17	3.09E-16
ZNF224	-0.928375274	5.12342987	5.86E-16	9.03E-15
NA	-1.429901819	2.556002321	2.45E-12	2.64E-11
NA	2.501306218	1.269713095	3.54E-16	5.55E-15
NA	-1.630231608	3.790918378	8.64E-32	3.68E-30
NA	2.17466215	3.333040816	5.94E-42	4.05E-40
RPARP-AS1	-1.167752536	4.982145883	1.23E-23	3.50E-22
NA	1.624753882	3.391702075	9.24E-17	1.54E-15
SNHG8	-0.607474004	5.73431073	6.14E-10	5.05E-09
NA	-1.585331871	1.501308173	2.28E-10	1.99E-09
NA	1.292769864	3.101387295	1.75E-15	2.59E-14
NA	-1.274067306	3.228337076	8.23E-15	1.14E-13
NA	-1.290276868	2.955139882	1.62E-14	2.18E-13
NCBP2-AS2	-0.747508976	4.695095207	2.98E-10	2.55E-09
NA	-1.65454202	1.988587495	4.85E-14	6.19E-13
NA	-1.8450088	1.808586017	2.40E-14	3.17E-13
NA	1.454617805	2.067099892	5.80E-10	4.82E-09
NA	-1.880853768	2.695578406	2.08E-23	5.75E-22
LIX1L	0.777524744	6.863276634	4.27E-18	8.05E-17
NA	-1.310833991	2.434062872	3.68E-11	3.48E-10
NA	-1.259382533	2.909631735	9.91E-13	1.12E-11
NA	-2.20229967	3.643748863	2.24E-52	2.30E-50
NA	-2.606559283	1.682585283	1.20E-22	3.15E-21
NA	-1.600052433	1.71451794	1.07E-10	9.69E-10
NA	0.551995047	7.761902718	6.28E-11	5.82E-10
NA	-1.336024456	3.156720328	1.98E-16	3.21E-15
NA	-1.337872805	2.172780902	1.37E-10	1.22E-09
NA	-1.283930081	2.903419164	1.47E-13	1.80E-12
NA	-0.905172855	5.40003094	2.59E-11	2.50E-10
NA	-1.808206581	1.218197182	1.35E-10	1.21E-09
NA	-2.46846011	1.130806901	2.36E-15	3.44E-14
PAXIP1-AS1	-1.762332897	4.390768802	1.11E-38	6.55E-37
NA	-1.416792003	4.36690233	3.97E-13	4.66E-12
NA	-1.883416783	2.693465946	5.11E-23	1.37E-21
NA	-1.842423408	2.230487793	6.57E-16	1.01E-14
HIST1H2BE	1.6256664	1.493710182	3.33E-10	2.84E-09
NA	-1.481649156	3.722352815	6.85E-17	1.16E-15
NA	-1.672024759	1.630473683	2.29E-11	2.22E-10
NA	-1.190750502	2.854880269	2.10E-12	2.28E-11
NA	-1.973454444	2.384189276	3.28E-22	8.37E-21
NA	-0.916582657	3.484397112	1.45E-09	1.14E-08
NA	0.766744023	6.887564625	1.20E-18	2.40E-17
NA	-0.673667376	4.568332383	2.72E-09	2.05E-08
NA	-1.183235505	2.92248784	2.30E-12	2.49E-11
NA	-1.611192927	1.42908923	2.36E-09	1.79E-08
DACH1	-1.113352689	5.640796699	2.93E-32	1.29E-30
LINC00869	-1.274627004	3.211401308	1.56E-15	2.31E-14
NA	-1.298807919	2.259241417	4.05E-10	3.43E-09
NA	-2.336764952	1.456753225	7.99E-19	1.61E-17
NA	-2.122019761	3.94020731	5.06E-42	3.48E-40
NA	-1.156167766	3.236997225	3.01E-12	3.21E-11
NA	4.17966228	-0.227672828	2.84E-09	2.14E-08
NA	-2.364750666	0.918117688	4.71E-13	5.47E-12
NA	0.815367928	4.092348198	1.28E-10	1.15E-09
NA	-1.319363662	4.429622046	6.80E-25	2.07E-23
NA	-0.765582946	4.833739846	3.19E-10	2.72E-09
NA	-1.293093007	3.721355295	2.21E-16	3.55E-15
NA	1.907765179	2.736703769	7.49E-17	1.26E-15
NA	1.297338104	4.397806452	3.72E-25	1.15E-23
NA	2.992563667	0.163666087	3.14E-09	2.34E-08
NA	-1.003312522	2.848175569	2.38E-09	1.80E-08
NA	1.884612573	1.775757454	1.77E-14	2.37E-13
NA	3.021239054	0.609239471	7.30E-13	8.34E-12
NA	-1.6487897	1.309226004	1.07E-09	8.55E-09
NA	2.000391233	1.602184876	1.20E-11	1.19E-10
NA	-2.068816194	4.802184714	7.72E-50	6.98E-48
NA	-1.094648053	3.061929563	2.26E-10	1.98E-09
SNHG4	-1.210294635	4.671020491	3.78E-14	4.88E-13
EBLN3	-0.647873051	6.879944375	4.88E-15	6.90E-14
